12 0 12 6 3 7 1 5 0 4 2
14 1 13 6 0 7 1 5 3 4 2
14 1 13 6 3 7 1 5 4 0 2
14 1 13 6 3 7 1 0 5 4 2
14 2 12 0 6 7 1 5 3 4 2
13 4 9 1 6 7 0 5 3 4 2
13 5 8 1 6 7 2 5 3 4 0
13 6 7 1 6 7 2 5 3 0 4
13 7 6 1 6 0 2 5 3 7 4
13 7 6 1 6 7 2 5 0 3 4
13 8 5 1 6 2 0 5 3 7 4
13 8 5 1 0 7 2 5 6 3 4
13 9 4 1 6 2 4 5 3 7 0
14 2 12 6 3 0 1 5 4 7 2
14 2 12 6 3 7 1 5 4 2 0
14 2 12 0 3 7 1 6 5 4 2
13 4 9 1 3 7 0 6 5 4 2
13 5 8 1 3 7 2 6 5 4 0
13 6 7 1 3 7 2 6 5 0 4
13 7 6 1 3 0 2 6 5 7 4
13 8 5 1 3 2 0 6 5 7 4
13 8 5 1 0 3 2 6 5 7 4
13 9 4 1 3 2 4 6 5 7 0
14 7 7 1 6 7 4 5 3 0 2
14 3 11 6 3 1 0 5 4 7 2
14 3 11 6 0 3 1 5 4 7 2
14 7 7 1 3 7 4 6 5 0 2
14 8 6 1 6 7 4 5 3 2 0
14 8 6 1 6 7 4 5 0 3 2
14 4 10 6 3 1 2 5 4 7 0
14 4 10 6 4 3 1 5 0 7 2
14 4 10 0 6 3 1 5 4 7 2
13 6 7 1 6 3 0 5 4 7 2
13 7 6 1 6 3 2 5 4 7 0
14 8 6 1 3 7 4 6 5 2 0
14 9 5 1 0 7 4 5 6 3 2
15 3 12 6 3 7 1 2 5 4 0
15 4 11 6 3 7 0 1 5 4 2
15 5 10 2 6 7 1 5 3 4 0
15 5 10 1 6 0 7 5 3 4 2
15 8 7 1 0 6 2 5 3 7 4
15 8 7 1 6 7 2 0 5 3 4
15 9 6 1 7 0 2 5 6 3 4
15 9 6 0 1 7 2 5 6 3 4
15 10 5 1 6 2 4 5 3 0 7
15 5 10 2 3 7 1 6 5 4 0
15 5 10 1 3 0 7 6 5 4 2
15 7 8 1 3 7 2 6 0 5 4
15 9 6 1 5 3 2 6 0 7 4
15 9 6 0 1 3 2 6 5 7 4
15 10 5 1 3 2 4 6 5 0 7
15 7 8 2 6 3 1 5 4 7 0
15 7 8 1 6 0 3 5 4 7 2
15 8 7 1 6 3 2 5 4 0 7
15 4 11 6 3 7 1 2 5 0 4
15 5 10 6 3 7 2 1 5 4 0
15 6 9 2 6 7 1 5 3 0 4
15 6 9 1 6 4 7 5 3 0 2
15 9 6 1 3 6 2 5 0 7 4
15 10 5 1 7 3 2 5 6 0 4
15 10 5 1 7 2 0 5 6 3 4
15 11 4 1 6 2 4 5 0 3 7
15 6 9 2 3 7 1 6 5 0 4
15 6 9 1 3 4 7 6 5 0 2
15 6 9 1 0 3 7 6 5 4 2
15 8 7 1 3 7 2 0 6 5 4
15 10 5 1 5 3 2 0 6 7 4
15 9 6 1 6 3 2 5 0 4 7
15 5 10 6 3 0 1 2 5 7 4
15 6 9 6 3 7 2 1 5 0 4
15 7 8 2 6 0 1 5 3 7 4
15 7 8 2 6 7 1 5 0 3 4
15 7 8 1 6 4 7 5 3 2 0
15 7 8 1 6 4 7 5 0 3 2
15 11 4 1 7 2 4 5 6 3 0
15 12 3 1 0 2 4 5 6 3 7
15 7 8 2 3 0 1 6 5 7 4
15 7 8 1 3 4 7 6 5 2 0
15 10 5 1 0 3 2 5 6 4 7
15 6 9 6 3 1 0 2 5 7 4
15 6 9 6 0 3 1 2 5 7 4
15 7 8 6 3 0 2 1 5 7 4
15 8 7 2 6 1 0 5 3 7 4
15 8 7 2 0 7 1 5 6 3 4
15 8 7 1 6 4 0 5 3 2 7
15 8 7 1 0 4 7 5 6 3 2
15 13 2 1 2 0 4 5 6 3 7
15 8 7 2 3 1 0 6 5 7 4
15 8 7 2 0 3 1 6 5 7 4
15 8 7 1 3 4 0 6 5 2 7
15 7 8 6 3 1 4 2 5 7 0
15 7 8 0 6 3 1 2 5 7 4
14 9 5 1 6 3 0 2 5 7 4
14 10 4 1 6 3 4 2 5 7 0
15 8 7 6 3 2 0 1 5 7 4
15 8 7 6 0 3 2 1 5 7 4
15 9 6 2 6 1 4 5 3 7 0
15 9 6 0 2 7 1 5 6 3 4
14 11 3 1 2 7 0 5 6 3 4
14 12 2 1 2 7 4 5 6 3 0
15 14 1 1 2 3 4 5 6 0 7
15 9 6 2 3 1 4 6 5 7 0
15 9 6 0 2 3 1 6 5 7 4
14 11 3 1 2 3 0 6 5 7 4
14 12 2 1 2 3 4 6 5 7 0
15 8 7 2 6 3 1 0 5 7 4
15 9 6 6 3 2 4 1 5 7 0
15 9 6 0 6 3 2 1 5 7 4
15 15 0 1 2 3 4 5 6 7 0
