19 0 19 7 0 6 2 3 4 1 5
19 1 18 7 4 6 2 3 0 1 5
19 1 18 7 6 0 2 3 4 1 5
19 1 18 0 7 6 2 3 4 1 5
19 2 17 7 4 6 2 3 1 0 5
19 2 17 7 4 6 2 0 3 1 5
18 4 14 7 4 6 2 5 3 1 0
19 2 17 7 6 1 2 3 4 0 5
19 2 17 7 6 2 0 3 4 1 5
19 2 17 3 7 6 2 0 4 1 5
18 4 14 3 7 6 2 5 4 1 0
19 3 16 7 4 0 2 3 1 6 5
19 3 16 7 4 6 2 3 1 5 0
19 3 16 0 4 6 2 7 3 1 5
19 7 12 0 4 6 2 5 3 1 7
19 3 16 7 6 1 2 3 4 5 0
19 3 16 7 6 1 2 3 0 4 5
19 4 15 7 4 2 0 3 1 6 5
19 4 15 7 0 4 2 3 1 6 5
19 4 15 7 0 1 2 3 6 4 5
19 4 15 7 6 1 2 0 3 4 5
18 6 12 7 6 1 2 5 3 4 0
18 7 11 7 6 1 2 5 3 0 4
18 8 10 7 6 1 2 5 0 3 4
18 9 9 7 0 1 2 5 6 3 4
18 10 8 7 1 0 2 5 6 3 4
18 10 8 0 7 1 2 5 6 3 4
18 11 7 7 1 3 2 5 6 0 4
18 11 7 7 1 2 0 5 6 3 4
18 12 6 7 1 2 4 5 6 3 0
19 5 14 7 1 4 2 3 0 6 5
19 5 14 0 7 4 2 3 1 6 5
19 5 14 7 1 0 2 3 6 4 5
19 5 14 0 7 1 2 3 6 4 5
19 5 14 0 6 1 2 7 3 4 5
19 9 10 0 6 1 2 5 3 4 7
19 12 7 2 7 1 0 5 6 3 4
19 13 6 0 1 2 7 5 6 3 4
19 15 4 0 1 2 4 5 6 3 7
19 6 13 7 1 4 2 3 6 0 5
19 6 13 7 1 4 2 0 3 6 5
18 8 10 7 1 4 2 5 3 6 0
19 6 13 3 7 4 2 0 1 6 5
18 8 10 3 7 4 2 5 1 6 0
19 6 13 7 1 2 0 3 6 4 5
19 6 13 3 7 1 2 0 6 4 5
18 8 10 3 7 1 2 5 6 4 0
18 9 9 3 7 1 2 5 6 0 4
19 13 6 2 7 1 4 5 6 3 0
19 14 5 1 0 2 7 5 6 3 4
19 16 3 1 0 2 4 5 6 3 7
19 7 12 7 1 4 2 3 6 5 0
19 7 12 0 1 4 2 7 3 6 5
19 11 8 0 1 4 2 5 3 6 7
19 7 12 3 7 4 2 1 0 6 5
19 15 4 1 2 0 7 5 6 3 4
19 17 2 1 2 0 4 5 6 3 7
19 8 11 1 0 4 2 7 3 6 5
19 12 7 1 0 4 2 5 3 6 7
19 8 11 3 0 4 2 1 7 6 5
19 8 11 3 7 4 2 1 6 0 5
19 16 3 1 2 3 7 5 6 0 4
19 16 3 1 2 7 0 5 6 3 4
19 18 1 1 2 3 4 5 6 0 7
19 9 10 1 3 4 2 7 0 6 5
19 13 6 1 3 4 2 5 0 6 7
19 9 10 0 3 4 2 1 7 6 5
19 9 10 3 7 4 2 1 6 5 0
19 17 2 1 2 7 4 5 6 3 0
19 19 0 1 2 3 4 5 6 7 0
