11 0 11 3 2 1 0 4 5 6 7
10 3 7 3 2 1 4 0 5 6 7
10 4 6 3 2 1 4 5 0 6 7
10 5 5 3 2 1 4 5 6 0 7
10 6 4 3 2 1 4 5 6 7 0
12 2 10 0 2 1 3 4 5 6 7
12 4 8 0 2 1 4 3 5 6 7
12 5 7 3 0 1 4 5 2 6 7
12 6 6 3 2 0 4 5 6 1 7
12 7 5 3 2 1 0 5 6 7 4
12 3 9 4 2 1 3 0 5 6 7
12 6 6 3 1 0 4 5 2 6 7
12 6 6 0 3 1 4 5 2 6 7
12 4 8 4 2 1 3 5 0 6 7
12 5 7 4 2 1 3 5 6 0 7
12 6 6 4 2 1 3 5 6 7 0
13 1 12 3 2 1 7 4 5 6 0
12 3 9 3 2 1 7 0 5 6 4
12 4 8 3 2 1 7 5 0 6 4
13 1 12 3 2 0 1 4 5 6 7
13 5 8 3 2 1 4 7 5 6 0
13 9 4 0 2 1 4 5 6 7 3
13 9 4 0 2 1 3 5 6 7 4
14 3 11 2 0 1 3 4 5 6 7
14 5 9 2 0 1 4 3 5 6 7
14 7 7 3 2 4 0 5 6 1 7
14 7 7 3 0 2 4 5 6 1 7
14 8 6 3 2 0 1 5 6 7 4
14 7 7 3 1 6 4 5 2 0 7
14 7 7 3 1 4 0 5 2 6 7
14 7 7 5 3 1 4 0 2 6 7
14 5 9 4 0 1 3 5 2 6 7
14 6 8 4 2 0 3 5 6 1 7
14 7 7 4 2 1 0 5 6 7 3
14 4 10 0 2 1 7 3 5 6 4
14 5 9 3 0 1 7 5 2 6 4
14 4 10 2 1 0 3 4 5 6 7
14 6 8 2 1 0 4 3 5 6 7
14 8 6 0 3 2 4 5 6 1 7
14 8 6 3 1 6 4 5 2 7 0
14 6 8 4 1 0 3 5 2 6 7
14 6 8 0 4 1 3 5 2 6 7
14 7 7 4 2 3 0 5 6 1 7
13 9 4 0 2 3 4 5 6 1 7
14 6 8 3 1 0 7 5 2 6 4
14 6 8 0 3 1 7 5 2 6 4
14 5 9 2 1 3 0 4 5 6 7
13 8 5 2 1 3 4 0 5 6 7
13 9 4 2 1 3 4 5 0 6 7
13 10 3 2 1 3 4 5 6 0 7
13 11 2 2 1 3 4 5 6 7 0
14 7 7 4 1 3 0 5 2 6 7
13 9 4 0 1 3 4 5 2 6 7
13 10 3 1 0 3 4 5 2 6 7
13 11 2 1 2 3 4 5 0 6 7
13 12 1 1 2 3 4 5 6 0 7
13 13 0 1 2 3 4 5 6 7 0
