15 0 15 4 0 6 3 7 1 5 2
15 1 14 4 1 6 3 7 0 5 2
15 1 14 4 6 0 3 7 1 5 2
15 1 14 0 4 6 3 7 1 5 2
15 2 13 4 1 6 3 7 5 0 2
15 2 13 4 1 6 3 0 7 5 2
15 2 13 4 6 3 0 7 1 5 2
14 4 10 0 6 3 4 7 1 5 2
15 3 12 4 1 0 3 7 5 6 2
15 3 12 4 1 6 3 7 5 2 0
15 3 12 4 6 3 2 7 1 5 0
15 7 8 1 6 3 4 7 0 5 2
15 7 8 2 6 3 4 7 1 5 0
15 4 11 4 1 3 0 7 5 6 2
14 6 8 0 1 3 4 7 5 6 2
14 7 7 1 0 3 4 7 5 6 2
15 8 7 1 0 3 4 7 6 5 2
15 8 7 1 6 3 4 7 5 0 2
15 8 7 1 6 3 4 0 7 5 2
15 5 10 4 1 3 2 7 5 6 0
15 9 6 2 1 3 4 7 5 6 0
15 9 6 1 6 3 4 7 5 2 0
16 4 12 1 4 6 3 7 0 5 2
16 4 12 2 4 6 3 7 1 5 0
16 4 12 4 1 6 3 2 7 5 0
16 5 11 7 6 3 4 0 1 5 2
16 5 11 6 0 3 4 7 1 5 2
16 5 11 4 1 6 3 0 5 2 7
16 6 10 0 1 6 3 7 5 2 4
16 5 11 4 6 3 2 0 1 5 7
16 6 10 0 6 3 2 7 1 5 4
16 9 7 2 6 3 4 0 1 5 7
16 7 9 7 1 3 4 0 5 6 2
16 8 8 1 5 3 4 7 0 6 2
16 8 8 1 3 0 4 7 5 6 2
16 10 6 1 6 3 4 2 7 5 0
16 7 9 4 1 3 2 0 5 6 7
16 8 8 0 1 3 2 7 5 6 4
16 11 5 2 1 3 4 0 5 6 7
16 11 5 1 6 3 4 0 5 2 7
16 5 11 1 4 6 3 7 5 0 2
16 5 11 1 4 6 3 0 7 5 2
16 6 10 7 6 3 4 1 0 5 2
16 6 10 6 1 3 4 7 0 5 2
16 6 10 4 1 6 3 5 0 2 7
16 7 9 1 0 6 3 7 5 2 4
16 6 10 4 6 3 2 1 0 5 7
16 10 6 2 6 3 4 1 0 5 7
16 8 8 7 1 3 4 5 0 6 2
16 9 7 1 5 3 4 7 6 0 2
16 9 7 1 5 3 4 0 7 6 2
16 8 8 4 1 3 2 5 0 6 7
16 9 7 1 0 3 2 7 5 6 4
16 12 4 2 1 3 4 5 0 6 7
16 12 4 1 6 3 4 5 0 2 7
16 6 10 1 4 0 3 7 5 6 2
16 6 10 1 4 6 3 7 5 2 0
16 7 9 7 0 3 4 1 6 5 2
16 7 9 7 6 3 4 1 5 0 2
16 7 9 6 1 3 4 7 5 0 2
16 7 9 6 1 3 4 0 7 5 2
16 7 9 4 1 6 3 5 2 0 7
16 8 8 1 6 0 3 7 5 2 4
16 7 9 4 0 3 2 1 6 5 7
16 7 9 4 6 3 2 1 5 0 7
16 11 5 2 0 3 4 1 6 5 7
16 11 5 2 6 3 4 1 5 0 7
16 9 7 7 1 3 4 5 6 0 2
16 10 6 1 5 3 4 7 6 2 0
16 9 7 4 1 3 2 5 6 0 7
16 13 3 2 1 3 4 5 6 0 7
16 13 3 1 0 3 4 5 6 2 7
16 13 3 1 6 3 4 5 2 0 7
16 7 9 1 4 3 0 7 5 6 2
16 7 9 1 0 4 3 7 5 6 2
16 8 8 0 7 3 4 1 6 5 2
16 8 8 7 6 3 4 1 5 2 0
16 8 8 6 1 3 4 7 5 2 0
16 8 8 0 1 3 4 6 7 5 2
16 8 8 4 1 0 3 5 2 6 7
16 8 8 4 1 6 3 5 2 7 0
16 9 7 1 6 2 3 7 5 0 4
16 8 8 0 4 3 2 1 6 5 7
16 8 8 4 6 3 2 1 5 7 0
16 12 4 0 2 3 4 1 6 5 7
16 12 4 2 6 3 4 1 5 7 0
16 10 6 7 1 3 4 5 6 2 0
16 10 6 4 1 3 2 5 6 7 0
16 14 2 2 1 3 4 5 6 7 0
16 14 2 1 6 3 4 5 2 7 0
16 8 8 1 4 3 2 7 5 6 0
16 9 7 1 7 3 4 0 6 5 2
16 9 7 4 1 3 0 5 2 6 7
15 11 4 0 1 3 4 5 2 6 7
15 12 3 1 0 3 4 5 2 6 7
15 13 2 1 2 3 4 5 0 6 7
15 14 1 1 2 3 4 5 6 0 7
15 15 0 1 2 3 4 5 6 7 0
