8 0 8 0 1 3 4 7 2 6 5
8 1 7 1 0 3 4 7 2 6 5
8 2 6 1 2 3 4 7 0 6 5
8 3 5 1 2 3 4 7 6 0 5
8 3 5 1 2 3 4 0 7 6 5
7 5 2 1 2 3 4 5 7 6 0
8 4 4 1 2 3 4 7 6 5 0
9 3 6 5 1 3 4 7 2 6 0
9 6 3 1 2 3 0 5 7 6 4
9 6 3 1 2 3 4 5 7 0 6
9 6 3 1 2 3 4 0 6 5 7
9 7 2 1 2 3 4 5 0 7 6
10 1 9 7 1 3 4 0 2 6 5
9 3 6 7 1 3 4 5 2 6 0
10 2 8 1 3 0 4 7 2 6 5
10 4 6 1 2 0 4 7 6 3 5
10 4 6 0 2 3 4 1 7 6 5
10 5 5 1 2 3 0 7 6 5 4
10 5 5 5 1 3 4 0 2 6 7
10 6 4 0 1 3 4 5 2 6 7
10 7 3 1 0 3 4 5 2 6 7
10 8 2 1 2 3 4 5 0 6 7
10 9 1 1 2 3 4 5 6 0 7
10 10 0 1 2 3 4 5 6 7 0
