15 0 15 3 5 1 7 0 4 6 2
16 2 14 3 5 1 7 2 4 6 0
16 3 13 3 0 1 7 5 4 6 2
16 3 13 3 5 1 0 2 4 6 7
16 4 12 3 4 1 7 5 0 6 2
16 4 12 3 1 0 7 5 4 6 2
16 4 12 0 3 1 7 5 4 6 2
16 5 11 3 4 1 7 5 6 0 2
16 5 11 3 1 7 0 5 4 6 2
16 6 10 3 4 1 7 5 6 2 0
16 6 10 3 1 7 2 5 4 6 0
16 7 9 3 4 1 0 5 6 2 7
17 1 16 0 5 1 7 3 4 6 2
17 1 16 3 5 1 7 4 0 6 2
17 5 12 0 5 1 3 2 4 6 7
17 7 10 2 3 1 7 5 4 6 0
17 7 10 0 1 7 3 5 4 6 2
17 9 8 0 4 1 3 5 6 2 7
17 2 15 5 0 1 7 3 4 6 2
17 2 15 3 0 1 7 4 5 6 2
17 2 15 3 5 1 7 4 6 0 2
17 6 11 2 5 1 3 0 4 6 7
17 6 11 5 0 1 3 2 4 6 7
17 8 9 2 3 1 0 5 4 6 7
17 8 9 1 0 7 3 5 4 6 2
17 3 14 5 4 1 7 3 0 6 2
17 3 14 5 1 0 7 3 4 6 2
17 3 14 3 1 0 7 4 5 6 2
17 3 14 0 3 1 7 4 5 6 2
17 3 14 3 5 1 7 4 6 2 0
16 5 11 3 5 1 7 0 6 2 4
17 7 10 5 4 1 3 2 0 6 7
17 7 10 5 1 0 3 2 4 6 7
17 9 8 1 4 7 3 5 0 6 2
17 4 13 5 4 1 7 3 6 0 2
17 4 13 5 4 1 7 0 3 6 2
17 4 13 5 1 7 0 3 4 6 2
17 4 13 3 1 7 0 4 5 6 2
16 7 9 3 1 7 4 0 5 6 2
16 8 8 3 1 7 4 5 0 6 2
16 9 7 3 1 7 4 5 6 0 2
16 10 6 3 1 0 4 5 6 7 2
16 10 6 3 1 7 4 5 6 2 0
17 4 13 4 3 1 7 0 5 6 2
17 4 13 3 5 1 0 4 6 2 7
16 7 9 3 5 1 4 0 6 2 7
17 8 9 3 0 1 7 5 6 2 4
17 8 9 5 4 1 3 2 6 0 7
17 8 9 5 4 1 3 0 2 6 7
17 8 9 5 1 3 0 2 4 6 7
17 10 7 1 4 7 3 5 6 0 2
17 5 12 5 4 1 7 3 6 2 0
17 5 12 0 4 1 7 5 3 6 2
17 5 12 5 1 7 2 3 4 6 0
17 5 12 3 1 7 2 4 5 6 0
16 7 9 3 1 7 2 0 5 6 4
16 8 8 3 1 7 2 5 0 6 4
16 9 7 3 1 7 2 5 6 0 4
16 10 6 3 1 0 2 5 6 7 4
16 11 5 3 1 2 0 5 6 7 4
16 12 4 3 1 2 4 5 6 7 0
17 9 8 3 1 7 4 2 5 6 0
17 10 7 3 0 1 4 5 6 2 7
17 9 8 3 1 0 7 5 6 2 4
17 9 8 0 3 1 7 5 6 2 4
17 9 8 5 4 1 3 2 6 7 0
17 9 8 0 4 1 3 5 2 6 7
17 11 6 1 4 0 3 5 6 7 2
17 11 6 1 4 7 3 5 6 2 0
17 6 11 5 4 1 0 3 6 2 7
17 13 4 0 1 2 3 5 6 7 4
17 11 6 0 3 1 4 5 6 2 7
17 12 5 1 4 3 0 5 6 7 2
17 12 5 1 0 4 3 5 6 7 2
17 14 3 1 0 2 3 5 6 7 4
17 13 4 1 4 3 2 5 6 7 0
17 15 2 1 2 0 3 5 6 7 4
17 16 1 1 2 3 0 5 6 7 4
17 17 0 1 2 3 4 5 6 7 0
