13 0 13 5 4 2 6 0 3 7 1
12 2 10 5 4 2 6 1 3 7 0
12 3 9 5 4 2 0 1 3 7 6
13 1 12 0 4 2 6 5 3 7 1
12 4 8 1 4 2 6 5 3 7 0
12 5 7 1 4 2 0 5 3 7 6
14 3 11 5 4 2 0 6 3 7 1
14 3 11 5 4 2 6 1 3 0 7
14 4 10 5 4 0 2 1 3 7 6
14 3 11 6 4 2 0 5 3 7 1
14 5 9 1 4 2 6 5 3 0 7
14 6 8 1 4 0 2 5 3 7 6
14 4 10 5 4 2 1 6 3 7 0
14 4 10 5 4 2 6 1 0 3 7
14 5 9 5 0 4 2 1 3 7 6
14 4 10 6 4 2 1 5 3 7 0
14 6 8 1 4 2 6 5 0 3 7
14 7 7 1 0 4 2 5 3 7 6
14 6 8 5 3 4 2 1 0 7 6
14 8 6 1 3 4 2 5 0 7 6
15 1 14 5 4 2 6 3 0 7 1
15 2 13 4 0 2 6 5 3 7 1
15 3 12 4 3 2 6 5 0 7 1
15 3 12 4 2 0 6 5 3 7 1
15 4 11 4 2 6 0 5 3 7 1
14 6 8 0 2 6 4 5 3 7 1
13 9 4 1 2 6 4 5 3 7 0
15 5 10 4 2 6 1 5 3 7 0
15 10 5 1 2 6 0 5 3 7 4
15 10 5 1 2 6 4 5 3 0 7
15 11 4 1 2 0 4 5 3 6 7
15 11 4 1 2 6 4 5 0 3 7
16 4 12 3 4 2 6 5 0 7 1
16 4 12 5 4 0 2 6 3 7 1
16 4 12 5 4 0 6 1 3 2 7
16 5 11 5 4 7 2 1 3 0 6
16 4 12 6 4 0 2 5 3 7 1
16 6 10 1 4 0 6 5 3 2 7
16 7 9 1 4 7 2 5 3 0 6
16 5 11 5 4 2 1 6 3 0 7
16 5 11 5 0 2 6 1 4 3 7
16 5 11 5 4 2 6 0 1 3 7
16 6 10 0 5 4 2 1 3 7 6
16 5 11 6 4 2 1 5 3 0 7
16 7 9 1 0 2 6 5 4 3 7
16 7 9 1 4 2 6 0 5 3 7
16 8 8 0 1 4 2 5 3 7 6
16 7 9 5 3 4 2 1 7 0 6
16 7 9 5 3 4 2 0 1 7 6
16 9 7 1 3 4 2 5 7 0 6
16 9 7 1 3 4 2 0 5 7 6
16 7 9 5 2 6 4 0 3 7 1
15 9 6 5 2 6 4 1 3 7 0
16 7 9 2 0 6 4 5 3 7 1
16 12 4 1 2 0 4 5 3 7 6
16 8 8 0 2 6 1 5 3 7 4
16 5 11 5 0 4 2 6 3 7 1
16 5 11 5 4 6 0 1 3 2 7
16 5 11 5 0 4 6 1 3 2 7
16 6 10 5 4 7 2 1 3 6 0
16 6 10 5 4 7 2 1 0 3 6
16 5 11 6 0 4 2 5 3 7 1
16 7 9 1 4 6 0 5 3 2 7
16 7 9 1 0 4 6 5 3 2 7
16 8 8 1 4 7 2 5 3 6 0
16 8 8 1 4 7 2 5 0 3 6
16 6 10 5 4 2 1 6 0 3 7
16 6 10 5 2 0 6 1 4 3 7
16 6 10 0 4 2 6 5 1 3 7
16 7 9 1 5 4 2 0 3 7 6
16 6 10 6 4 2 1 5 0 3 7
16 8 8 1 2 0 6 5 4 3 7
16 8 8 5 3 4 2 1 7 6 0
16 8 8 0 3 4 2 5 1 7 6
16 10 6 1 3 4 2 5 7 6 0
16 8 8 2 3 6 4 5 0 7 1
16 8 8 2 6 0 4 5 3 7 1
16 6 10 5 3 4 2 6 0 7 1
16 6 10 5 3 4 6 1 0 2 7
16 6 10 6 3 4 2 5 0 7 1
16 6 10 0 6 4 2 5 3 7 1
15 9 6 1 6 4 2 5 3 7 0
16 8 8 1 3 4 6 5 0 2 7
16 7 9 5 4 2 1 0 6 3 7
16 7 9 5 2 3 6 1 4 0 7
16 7 9 5 2 6 0 1 4 3 7
16 9 7 1 2 3 6 5 4 0 7
16 9 7 1 2 6 0 5 4 3 7
16 7 9 5 3 4 2 0 6 7 1
15 9 6 5 3 4 2 1 6 7 0
16 7 9 5 3 4 6 1 2 0 7
16 9 7 1 3 4 6 5 2 0 7
16 8 8 0 4 2 1 5 6 3 7
15 10 5 1 4 2 0 5 6 3 7
16 8 8 5 2 3 6 1 4 7 0
16 8 8 5 2 3 6 1 0 4 7
16 10 6 1 2 3 6 5 4 7 0
16 10 6 1 2 3 6 5 0 4 7
16 8 8 0 3 4 2 5 6 7 1
15 11 4 1 3 4 2 5 6 7 0
16 8 8 5 3 4 6 1 2 7 0
16 10 6 1 3 4 6 5 2 7 0
16 9 7 5 2 3 0 1 4 7 6
16 11 5 1 2 3 0 5 4 7 6
16 9 7 5 3 4 0 1 2 7 6
16 11 5 1 3 4 0 5 2 7 6
16 10 6 5 3 0 4 1 2 7 6
16 12 4 1 3 0 4 5 2 7 6
16 11 5 5 0 3 4 1 2 7 6
16 13 3 1 0 3 4 5 2 7 6
16 12 4 5 2 3 4 1 0 7 6
16 14 2 1 2 3 4 5 0 7 6
17 5 12 5 4 0 6 1 3 7 2
17 5 12 0 4 2 6 1 3 7 5
17 5 12 0 4 2 5 1 3 7 6
17 6 11 5 4 2 7 1 3 0 6
17 6 11 5 4 2 1 0 3 7 6
17 6 11 1 4 2 6 0 3 7 5
17 7 10 1 4 0 6 5 3 7 2
17 7 10 0 4 2 1 5 3 7 6
17 8 9 1 4 2 7 5 3 0 6
17 2 15 5 0 2 6 3 4 7 1
17 2 15 5 4 2 6 3 7 0 1
17 4 13 4 3 2 6 5 7 0 1
17 4 13 4 3 2 6 0 5 7 1
16 6 10 4 3 2 6 1 5 7 0
16 7 9 4 3 2 0 1 5 7 6
15 9 6 0 3 2 4 1 5 7 6
15 10 5 1 3 2 4 0 5 7 6
15 11 4 1 3 2 4 5 0 7 6
16 12 4 1 3 2 4 6 5 7 0
17 4 13 4 2 7 6 5 3 0 1
17 9 8 3 2 6 4 5 0 7 1
17 6 11 4 2 6 1 5 3 0 7
17 11 6 1 2 0 6 5 3 7 4
17 12 5 1 2 4 0 5 3 6 7
17 12 5 1 0 2 4 5 3 6 7
17 12 5 1 0 6 4 5 2 3 7
17 12 5 1 2 6 4 0 5 3 7
17 8 9 5 4 2 0 6 1 3 7
17 8 9 2 5 4 0 1 3 7 6
17 10 7 1 4 2 0 6 5 3 7
17 10 7 2 1 4 0 5 3 7 6
17 9 8 5 3 4 2 6 1 7 0
17 11 6 1 3 4 2 6 5 7 0
17 10 7 5 2 6 0 1 3 7 4
17 10 7 5 2 6 4 1 3 0 7
17 8 9 6 4 2 0 5 1 3 7
17 9 8 1 5 4 2 6 3 7 0
17 10 7 2 3 4 0 5 1 7 6
17 10 7 1 6 4 0 5 3 7 2
17 10 7 1 6 4 2 5 3 0 7
17 10 7 5 4 2 0 1 6 3 7
17 10 7 5 3 4 0 1 6 7 2
17 10 7 5 3 4 2 1 6 0 7
17 11 6 1 4 2 7 5 6 3 0
17 11 6 1 4 0 2 5 6 3 7
17 10 7 2 3 4 0 5 6 7 1
17 12 5 1 3 4 0 5 6 7 2
17 12 5 1 3 4 2 5 6 0 7
17 6 11 5 4 6 0 1 3 7 2
17 6 11 5 0 4 6 1 3 7 2
17 7 10 5 4 2 7 1 3 6 0
17 7 10 5 4 2 7 1 0 3 6
17 8 9 1 4 6 0 5 3 7 2
17 8 9 1 0 4 6 5 3 7 2
17 9 8 1 4 2 7 5 3 6 0
17 9 8 1 4 2 7 5 0 3 6
17 3 14 5 2 0 6 3 4 7 1
17 3 14 5 4 2 6 3 7 1 0
17 5 12 4 3 2 6 5 7 1 0
17 9 8 0 3 2 6 1 5 7 4
17 10 7 3 0 2 4 1 5 7 6
17 12 5 1 3 2 4 5 7 0 6
17 5 12 4 2 7 6 5 3 1 0
17 5 12 4 2 7 6 5 0 3 1
17 7 10 4 2 0 1 5 3 6 7
17 7 10 4 2 6 1 5 0 3 7
17 13 4 1 3 2 4 5 0 6 7
17 13 4 1 6 0 4 5 2 3 7
17 9 8 2 5 0 4 1 3 7 6
17 11 6 2 1 0 4 5 3 7 6
17 11 6 5 2 0 4 1 3 6 7
17 11 6 5 2 6 4 1 0 3 7
17 11 6 2 3 0 4 5 1 7 6
17 11 6 1 6 0 4 5 3 7 2
17 11 6 1 6 4 2 5 0 3 7
17 11 6 5 3 0 4 1 6 7 2
17 12 5 1 4 3 2 5 6 0 7
17 12 5 1 0 4 2 5 6 3 7
17 11 6 2 3 4 1 5 6 7 0
17 11 6 2 3 0 4 5 6 7 1
17 13 4 1 3 0 4 5 6 7 2
17 7 10 5 4 6 2 1 3 7 0
17 7 10 5 3 4 6 1 0 7 2
17 8 9 5 4 2 0 1 3 6 7
17 9 8 1 4 6 2 5 3 7 0
17 9 8 1 3 4 6 5 0 7 2
17 10 7 1 4 2 0 5 3 6 7
17 4 13 5 2 6 0 3 4 7 1
17 4 13 5 4 2 0 3 7 1 6
17 6 11 4 3 2 0 5 7 1 6
16 8 8 0 3 2 4 5 7 1 6
17 10 7 1 3 2 6 0 5 7 4
17 11 6 3 2 0 4 1 5 7 6
17 13 4 1 3 2 4 5 7 6 0
17 6 11 4 2 7 0 5 3 1 6
16 8 8 0 2 7 4 5 3 1 6
17 8 9 4 2 1 0 5 3 6 7
16 10 6 0 2 1 4 5 3 6 7
17 14 3 1 3 2 4 5 6 0 7
17 14 3 1 6 3 4 5 2 0 7
17 12 5 2 0 3 4 5 1 7 6
17 12 5 5 0 3 4 1 6 7 2
17 13 4 1 4 3 2 5 6 7 0
17 12 5 2 0 3 4 5 6 7 1
17 14 3 1 0 3 4 5 6 7 2
17 5 12 5 2 6 1 3 4 7 0
17 11 6 1 3 2 6 5 0 7 4
17 15 2 1 3 2 4 5 6 7 0
17 15 2 1 6 3 4 5 2 7 0
17 13 4 2 1 3 4 5 0 7 6
17 13 4 0 2 3 4 5 1 7 6
17 13 4 0 2 3 4 5 6 7 1
16 16 0 1 2 3 4 5 6 7 0
