14 0 14 4 3 6 5 1 0 7 2
16 1 15 4 0 6 5 1 3 7 2
16 1 15 4 3 6 5 1 7 0 2
16 1 15 4 3 6 5 0 1 7 2
15 4 11 4 3 6 0 5 1 7 2
14 6 8 0 3 6 4 5 1 7 2
15 5 10 4 3 6 2 5 1 7 0
15 9 6 1 3 6 4 5 0 7 2
15 9 6 2 3 6 4 5 1 7 0
16 2 14 4 6 0 5 1 3 7 2
16 2 14 0 4 6 5 1 3 7 2
15 4 11 5 4 6 0 1 3 7 2
15 5 10 5 4 6 2 1 3 7 0
16 2 14 4 3 0 5 1 7 6 2
16 2 14 4 3 6 5 1 7 2 0
16 7 9 5 3 6 4 0 1 7 2
16 7 9 3 0 6 4 5 1 7 2
16 8 8 0 3 6 2 5 1 7 4
16 3 13 4 6 5 0 1 3 7 2
15 5 10 0 6 5 4 1 3 7 2
15 6 9 1 6 5 4 0 3 7 2
16 3 13 1 4 6 5 0 3 7 2
15 6 9 1 4 6 0 5 3 7 2
15 7 8 1 4 6 2 5 3 7 0
16 3 13 4 3 5 0 1 7 6 2
15 5 10 0 3 5 4 1 7 6 2
15 6 9 1 3 5 4 0 7 6 2
16 3 13 4 0 3 5 1 7 6 2
16 3 13 4 3 6 0 1 7 2 5
15 5 10 0 3 6 4 1 7 2 5
15 6 9 1 3 6 4 0 7 2 5
14 8 6 1 3 6 4 5 7 2 0
16 8 8 5 3 6 4 1 0 7 2
16 8 8 3 1 6 4 5 0 7 2
16 8 8 3 6 0 4 5 1 7 2
16 4 12 4 6 5 2 1 3 7 0
16 8 8 2 6 5 4 1 3 7 0
16 8 8 1 6 5 4 2 3 7 0
16 4 12 4 3 5 2 1 7 6 0
16 8 8 2 3 5 4 1 7 6 0
16 8 8 1 3 5 4 2 7 6 0
16 4 12 0 4 3 5 1 7 6 2
15 6 9 5 4 3 0 1 7 6 2
15 7 8 5 4 3 2 1 7 6 0
16 8 8 5 3 6 4 1 7 2 0
16 9 7 1 3 6 0 5 7 2 4
16 5 11 1 4 3 5 0 7 6 2
15 8 7 1 4 3 0 5 7 6 2
15 9 6 1 4 3 2 5 7 6 0
17 3 14 4 3 6 5 2 1 7 0
17 5 12 4 3 0 6 5 1 7 2
17 6 11 4 3 6 2 5 1 0 7
17 10 7 1 0 6 4 5 3 7 2
17 10 7 1 3 6 4 5 7 0 2
17 10 7 1 3 6 4 0 5 7 2
17 10 7 2 3 6 0 5 1 7 4
17 10 7 2 3 6 4 5 1 0 7
17 5 12 2 4 6 5 1 3 7 0
17 5 12 5 4 0 6 1 3 7 2
17 6 11 5 4 6 2 1 3 0 7
17 5 12 0 3 6 5 1 7 2 4
17 9 8 5 3 6 4 2 1 7 0
17 11 6 1 3 6 2 5 0 7 4
17 6 11 6 0 5 4 1 3 7 2
17 7 10 1 6 5 4 3 0 7 2
17 5 12 1 4 6 5 2 3 7 0
17 7 10 1 4 0 6 5 3 7 2
17 8 9 1 4 6 2 5 3 0 7
17 6 11 3 0 5 4 1 7 6 2
17 7 10 1 3 5 4 7 0 6 2
17 6 11 3 0 6 4 1 7 2 5
17 7 10 1 3 6 4 7 0 2 5
17 11 6 1 3 0 4 5 7 2 6
17 7 10 0 6 5 2 1 3 7 4
17 7 10 0 3 5 2 1 7 6 4
17 7 10 2 4 3 5 1 7 6 0
17 7 10 5 4 0 3 1 7 6 2
17 8 9 5 4 3 2 1 7 0 6
17 7 10 1 4 3 5 2 7 6 0
17 9 8 1 4 0 3 5 7 6 2
17 10 7 1 4 3 2 5 7 0 6
17 4 13 4 3 6 0 2 1 7 5
17 6 11 4 0 3 6 5 1 7 2
17 7 10 4 3 0 2 5 1 6 7
17 11 6 1 6 0 4 5 3 7 2
17 11 6 1 3 0 4 5 7 6 2
17 11 6 2 3 0 4 5 1 6 7
17 6 11 2 4 6 0 1 3 7 5
17 6 11 5 0 4 6 1 3 7 2
17 7 10 5 4 0 2 1 3 6 7
17 7 10 5 4 6 2 1 0 3 7
17 7 10 6 3 5 4 1 0 7 2
17 7 10 6 5 0 4 1 3 7 2
17 8 9 1 0 5 4 3 6 7 2
17 6 11 1 4 6 0 2 3 7 5
17 8 9 1 0 4 6 5 3 7 2
17 9 8 1 4 0 2 5 3 6 7
17 9 8 1 4 6 2 5 0 3 7
17 7 10 3 5 0 4 1 7 6 2
17 8 9 1 3 5 4 7 6 0 2
17 7 10 3 6 0 4 1 7 2 5
17 8 9 1 3 6 4 7 2 0 5
17 12 5 1 3 2 4 5 7 0 6
17 12 5 1 0 3 4 5 7 2 6
17 8 9 1 6 5 2 0 3 7 4
17 8 9 1 3 5 2 0 7 6 4
17 8 9 2 4 3 0 1 7 6 5
17 8 9 5 0 4 3 1 7 6 2
17 9 8 5 4 3 2 1 0 7 6
17 8 9 1 4 3 0 2 7 6 5
17 10 7 1 0 4 3 5 7 6 2
17 11 6 1 4 3 2 5 0 7 6
17 7 10 4 1 3 6 5 0 7 2
17 7 10 0 4 3 6 5 1 7 2
17 8 9 4 3 2 0 5 1 6 7
16 10 6 0 3 2 4 5 1 6 7
17 8 9 4 0 3 2 5 1 6 7
17 12 5 1 0 3 4 5 7 6 2
17 12 5 2 0 3 4 5 1 6 7
17 7 10 5 3 4 6 1 0 7 2
17 8 9 5 4 2 0 1 3 6 7
17 8 9 5 0 4 2 1 3 6 7
17 9 8 1 5 0 4 3 6 7 2
17 9 8 1 3 4 6 5 0 7 2
17 10 7 1 4 2 0 5 3 6 7
17 10 7 1 0 4 2 5 3 6 7
17 9 8 1 3 0 4 7 6 5 2
17 9 8 1 3 5 4 7 6 2 0
17 8 9 3 6 2 4 1 7 0 5
17 9 8 1 3 0 4 7 2 6 5
17 9 8 1 3 6 4 7 2 5 0
17 13 4 1 3 2 4 5 7 6 0
17 13 4 1 3 2 4 5 0 7 6
17 13 4 1 3 2 4 5 0 6 7
17 9 8 4 1 3 2 5 0 6 7
17 9 8 0 4 3 2 5 1 6 7
17 13 4 2 1 3 4 5 0 6 7
17 13 4 0 2 3 4 5 1 6 7
17 9 8 5 3 4 2 1 0 6 7
17 11 6 1 3 4 2 5 0 6 7
17 10 7 1 0 3 4 7 6 5 2
17 9 8 3 6 2 4 1 7 5 0
17 9 8 3 6 2 4 1 0 7 5
17 10 7 1 0 3 4 7 2 6 5
17 14 3 1 3 2 4 5 6 0 7
17 10 7 4 1 3 2 5 6 0 7
17 14 3 2 1 3 4 5 6 0 7
17 10 7 5 3 4 2 1 6 0 7
17 12 5 1 3 4 2 5 6 0 7
17 10 7 3 0 2 4 1 6 7 5
17 11 6 1 2 3 4 7 0 6 5
17 15 2 1 3 2 4 5 6 7 0
17 11 6 4 1 3 2 5 6 7 0
17 15 2 2 1 3 4 5 6 7 0
17 11 6 5 3 4 2 1 6 7 0
17 13 4 1 3 4 2 5 6 7 0
17 11 6 3 2 0 4 1 6 7 5
17 11 6 0 3 2 4 1 6 7 5
17 12 5 1 2 3 4 7 6 0 5
17 12 5 1 2 3 4 0 7 6 5
16 14 2 1 2 3 4 5 7 6 0
17 13 4 1 2 3 4 7 6 5 0
18 2 16 0 3 6 5 4 1 7 2
18 8 10 4 3 0 2 5 1 7 6
18 12 6 2 3 0 4 5 1 7 6
18 3 15 4 6 7 5 1 3 0 2
18 8 10 5 4 0 2 1 3 7 6
18 9 9 5 3 6 2 0 1 7 4
18 9 9 3 0 6 2 5 1 7 4
18 8 10 3 6 5 4 1 0 7 2
18 9 9 1 0 5 4 6 3 7 2
18 4 14 1 4 6 5 3 0 7 2
18 10 8 1 4 0 2 5 3 7 6
18 4 14 4 7 3 5 1 0 6 2
18 4 14 4 3 0 6 1 7 2 5
18 9 9 5 0 6 4 1 3 7 2
18 9 9 5 3 6 4 1 7 0 2
18 9 9 3 1 6 4 5 7 0 2
18 9 9 3 1 6 4 0 5 7 2
18 9 9 3 6 7 4 5 1 0 2
18 9 9 3 6 4 0 5 1 7 2
18 5 13 4 6 5 2 1 3 0 7
18 9 9 2 6 5 0 1 3 7 4
18 9 9 2 6 5 4 1 3 0 7
18 9 9 1 6 5 0 2 3 7 4
18 9 9 1 6 5 4 2 3 0 7
18 5 13 4 3 5 2 1 7 0 6
18 9 9 2 3 5 0 1 7 6 4
18 9 9 2 3 5 4 1 7 0 6
18 9 9 1 3 5 0 2 7 6 4
18 9 9 1 3 5 4 2 7 0 6
18 9 9 5 3 6 0 1 7 2 4
18 10 8 1 3 0 6 5 7 2 4
18 6 12 1 4 3 5 7 0 6 2
18 6 12 0 3 6 5 2 1 7 4
18 12 6 1 3 6 4 2 5 7 0
18 9 9 6 4 3 0 5 1 7 2
18 10 8 1 4 3 6 5 0 7 2
18 10 8 2 4 3 6 5 1 7 0
18 11 7 5 3 2 4 0 1 6 7
18 11 7 3 0 2 4 5 1 6 7
18 11 7 1 3 5 4 0 6 2 7
18 11 7 1 3 6 4 0 2 5 7
18 11 7 2 4 3 0 5 1 6 7
18 12 6 1 4 3 2 5 0 6 7
18 16 2 1 2 3 4 5 0 6 7
18 14 4 0 1 3 2 5 6 7 4
18 14 4 5 3 2 4 1 6 7 0
18 15 3 1 2 3 0 5 7 6 4
18 15 3 1 2 3 4 5 7 0 6
18 15 3 1 2 3 4 0 6 5 7
18 9 9 4 3 2 0 5 1 7 6
17 11 6 0 3 2 4 5 1 7 6
18 9 9 4 0 3 2 5 1 7 6
18 13 5 2 0 3 4 5 1 7 6
18 4 14 4 6 7 5 1 3 2 0
18 4 14 4 6 7 5 1 0 3 2
18 9 9 5 4 2 0 1 3 7 6
18 9 9 5 0 4 2 1 3 7 6
18 10 8 5 3 6 2 1 0 7 4
18 10 8 3 1 6 2 5 0 7 4
18 10 8 3 6 0 2 5 1 7 4
18 9 9 3 0 5 4 1 6 7 2
18 10 8 1 3 5 4 6 0 7 2
18 10 8 1 5 0 4 6 3 7 2
18 11 7 1 4 2 0 5 3 7 6
18 11 7 1 0 4 2 5 3 7 6
18 5 13 4 7 3 5 1 6 0 2
18 5 13 4 3 2 6 1 7 0 5
18 5 13 4 0 3 6 1 7 2 5
18 10 8 5 6 0 4 1 3 7 2
18 10 8 5 3 0 4 1 7 6 2
18 10 8 3 1 0 4 5 7 6 2
18 10 8 3 1 6 4 5 7 2 0
18 10 8 3 6 7 4 5 1 2 0
18 10 8 3 6 4 2 5 1 7 0
18 6 12 4 6 0 2 1 3 5 7
18 6 12 4 6 5 2 1 0 3 7
18 10 8 2 6 0 4 1 3 5 7
18 10 8 2 6 5 4 1 0 3 7
18 10 8 1 6 0 4 2 3 5 7
18 10 8 1 6 5 4 2 0 3 7
18 6 12 4 3 0 2 1 7 5 6
18 6 12 4 3 5 2 1 0 7 6
18 10 8 2 3 0 4 1 7 5 6
18 10 8 2 3 5 4 1 0 7 6
18 10 8 1 3 0 4 2 7 5 6
18 10 8 1 3 5 4 2 0 7 6
18 11 7 1 3 2 6 5 7 0 4
18 11 7 1 0 3 6 5 7 2 4
18 7 11 1 4 3 5 7 6 0 2
18 10 8 6 4 3 2 5 1 7 0
18 11 7 2 4 3 0 5 1 7 6
18 12 6 5 3 2 4 1 0 6 7
18 12 6 3 1 2 4 5 0 6 7
18 12 6 3 2 0 4 5 1 6 7
18 13 5 1 4 3 2 5 6 0 7
18 17 1 1 2 3 4 5 6 0 7
18 15 3 1 0 3 2 5 6 7 4
18 16 2 1 2 3 4 5 0 7 6
18 10 8 4 1 3 2 5 0 7 6
18 10 8 0 4 3 2 5 1 7 6
18 14 4 2 1 3 4 5 0 7 6
18 14 4 0 2 3 4 5 1 7 6
18 5 13 4 6 7 0 1 3 2 5
17 7 10 0 6 7 4 1 3 2 5
17 8 9 1 6 7 4 0 3 2 5
16 10 6 1 6 7 4 5 3 2 0
18 5 13 4 0 7 5 1 6 3 2
18 10 8 5 3 4 2 1 0 7 6
18 11 7 3 6 2 0 5 1 7 4
18 10 8 3 5 0 4 1 6 7 2
18 10 8 0 3 5 4 1 6 7 2
18 11 7 1 3 5 4 0 6 7 2
18 12 6 1 3 4 2 5 0 7 6
18 6 12 4 7 3 5 1 6 2 0
18 6 12 4 3 2 6 1 7 5 0
18 6 12 4 3 2 6 1 0 7 5
18 6 12 0 4 3 6 1 7 2 5
18 11 7 5 0 3 4 1 7 6 2
18 7 11 4 6 2 0 1 3 5 7
17 9 8 0 6 2 4 1 3 5 7
17 10 7 1 6 2 4 0 3 5 7
18 7 11 4 0 5 2 1 6 3 7
18 11 7 2 0 5 4 1 6 3 7
18 11 7 1 0 5 4 2 6 3 7
18 11 7 1 6 5 4 0 2 3 7
18 7 11 4 3 2 0 1 7 5 6
17 9 8 0 3 2 4 1 7 5 6
17 10 7 1 3 2 4 0 7 5 6
18 7 11 4 0 3 2 1 7 5 6
18 11 7 2 0 3 4 1 7 5 6
18 11 7 1 0 3 4 2 7 5 6
18 11 7 1 3 5 4 0 2 7 6
18 12 6 1 3 2 6 5 0 7 4
18 8 10 1 4 3 5 7 6 2 0
18 13 5 3 1 2 4 5 6 0 7
18 14 4 1 4 3 2 5 6 7 0
18 18 0 1 2 3 4 5 6 7 0
