15 0 15 3 7 6 0 5 4 1 2
15 1 14 3 7 6 2 5 4 1 0
16 2 14 0 7 6 3 5 4 1 2
17 1 16 3 7 0 6 5 4 1 2
17 2 15 3 7 6 2 5 4 0 1
17 5 12 2 7 6 3 5 4 1 0
17 2 15 3 7 1 6 5 4 0 2
17 2 15 3 0 7 6 5 4 1 2
17 3 14 3 7 0 2 5 4 6 1
17 3 14 3 7 6 2 5 0 4 1
17 3 14 3 7 1 6 5 4 2 0
17 3 14 3 7 1 6 5 0 4 2
17 3 14 3 4 7 6 5 0 1 2
17 3 14 0 3 7 6 5 4 1 2
17 4 13 3 7 2 0 5 4 6 1
17 4 13 3 0 7 2 5 4 6 1
17 4 13 3 0 6 2 5 7 4 1
17 4 13 3 7 1 0 5 4 2 6
17 4 13 3 0 1 6 5 7 4 2
17 4 13 3 4 7 6 5 1 0 2
17 5 12 3 7 2 1 5 4 6 0
17 5 12 3 4 7 2 5 0 6 1
17 5 12 0 3 7 2 5 4 6 1
16 8 8 1 3 7 2 5 4 6 0
17 5 12 3 6 0 2 5 7 4 1
17 5 12 0 3 6 2 5 7 4 1
16 8 8 1 3 6 2 5 7 4 0
16 9 7 1 3 6 2 5 7 0 4
16 10 6 1 3 0 2 5 7 6 4
16 10 6 1 3 6 2 5 0 7 4
16 11 5 1 3 2 0 5 7 6 4
16 11 5 1 0 3 2 5 7 6 4
16 12 4 1 3 2 4 5 7 6 0
17 5 12 3 1 0 6 5 7 4 2
17 5 12 0 3 1 6 5 7 4 2
17 5 12 3 4 0 6 5 1 7 2
17 5 12 3 4 7 6 5 1 2 0
17 6 11 3 4 7 2 5 6 0 1
17 6 11 3 6 4 2 5 7 0 1
17 6 11 3 6 2 0 5 7 4 1
17 6 11 3 1 4 6 5 7 0 2
17 6 11 3 1 6 0 5 7 4 2
17 6 11 3 4 6 0 5 1 7 2
17 6 11 3 0 4 6 5 1 7 2
17 6 11 3 4 7 0 5 1 2 6
17 7 10 3 4 0 2 5 6 7 1
17 7 10 3 4 7 2 5 6 1 0
17 7 10 3 6 4 2 5 7 1 0
17 7 10 3 6 4 2 5 0 7 1
17 7 10 3 6 2 1 5 7 4 0
17 7 10 3 1 4 6 5 7 2 0
17 7 10 3 1 4 6 5 0 7 2
17 7 10 3 1 6 2 5 7 4 0
17 7 10 3 4 6 2 5 1 7 0
17 7 10 0 3 4 6 5 1 7 2
17 8 9 3 4 2 0 5 6 7 1
17 8 9 3 0 4 2 5 6 7 1
17 8 9 3 6 2 1 5 7 0 4
17 8 9 3 1 4 0 5 7 2 6
17 8 9 3 1 6 2 5 7 0 4
17 9 8 3 4 2 1 5 6 7 0
17 9 8 0 3 4 2 5 6 7 1
16 12 4 1 3 4 2 5 6 7 0
17 9 8 3 6 2 1 5 0 7 4
17 9 8 3 1 0 4 5 7 2 6
17 9 8 3 1 0 2 5 7 6 4
17 9 8 3 1 6 2 5 0 7 4
17 10 7 3 0 2 1 5 6 7 4
17 10 7 3 1 2 4 5 7 0 6
17 10 7 3 1 2 0 5 7 6 4
17 11 6 3 2 0 1 5 6 7 4
17 11 6 0 3 2 1 5 6 7 4
16 13 3 1 3 2 0 5 6 7 4
16 14 2 1 3 2 4 5 6 7 0
17 11 6 3 1 2 4 5 7 6 0
17 11 6 3 1 2 4 5 0 7 6
17 12 5 3 2 1 0 5 6 7 4
17 13 4 3 2 1 4 5 6 7 0
18 3 15 3 7 6 1 5 4 0 2
18 4 14 3 7 0 2 5 4 1 6
18 4 14 0 7 6 2 5 4 1 3
18 3 15 5 7 6 3 0 4 1 2
18 3 15 7 0 6 3 5 4 1 2
18 5 13 6 3 7 0 5 4 1 2
18 6 12 2 3 7 6 5 4 1 0
18 6 12 0 7 2 3 5 4 6 1
17 9 8 1 7 2 3 5 4 6 0
18 6 12 0 7 1 3 5 4 2 6
18 7 11 2 3 7 0 5 4 6 1
18 9 9 1 3 7 0 5 4 6 2
18 9 9 1 3 7 2 5 4 0 6
18 7 11 2 3 6 0 5 7 4 1
18 9 9 1 3 6 0 5 7 4 2
18 11 7 1 0 6 2 5 3 7 4
18 11 7 1 3 6 2 0 5 7 4
18 12 6 1 7 3 2 5 0 6 4
18 12 6 0 1 3 2 5 7 6 4
18 13 5 1 3 2 4 5 7 0 6
18 7 11 6 3 1 0 5 7 4 2
18 8 10 2 3 1 6 5 7 4 0
18 8 10 0 6 2 3 5 7 4 1
17 11 6 1 6 2 3 5 7 4 0
17 12 5 1 6 2 3 5 7 0 4
17 13 4 1 6 2 3 5 0 7 4
17 14 3 1 0 2 3 5 6 7 4
17 15 2 1 2 0 3 5 6 7 4
17 16 1 1 2 3 0 5 6 7 4
17 17 0 1 2 3 4 5 6 7 0
