12 0 12 4 3 7 2 5 0 1 6
12 1 11 4 3 7 2 5 1 0 6
12 2 10 4 3 0 2 5 1 7 6
12 2 10 4 3 7 2 5 1 6 0
12 3 9 4 3 2 0 5 1 7 6
11 5 6 0 3 2 4 5 1 7 6
12 3 9 4 0 3 2 5 1 7 6
12 8 4 1 3 2 4 5 0 7 6
12 4 8 4 1 3 2 5 0 7 6
12 4 8 0 4 3 2 5 1 7 6
13 5 8 0 3 7 2 5 1 6 4
13 6 7 5 3 2 4 0 1 7 6
13 6 7 3 0 2 4 5 1 7 6
13 6 7 2 4 3 0 5 1 7 6
13 7 6 1 4 3 2 5 0 7 6
13 7 6 5 3 2 4 1 0 7 6
13 7 6 3 1 2 4 5 0 7 6
13 7 6 3 2 0 4 5 1 7 6
14 1 13 4 0 7 2 5 3 1 6
14 1 13 4 3 7 2 0 5 1 6
14 3 11 4 3 7 0 5 1 6 2
13 5 8 0 3 7 4 5 1 6 2
14 4 10 4 3 2 6 5 1 7 0
14 8 6 6 3 2 4 5 1 7 0
14 9 5 1 0 2 4 5 3 7 6
14 9 5 1 3 2 4 5 7 0 6
14 9 5 1 3 2 4 0 5 7 6
14 5 9 4 1 3 2 5 7 0 6
14 5 9 4 1 3 2 0 5 7 6
14 5 9 5 4 3 2 0 1 7 6
14 7 7 2 3 7 0 5 1 6 4
14 8 6 1 3 7 2 5 0 6 4
14 8 6 5 3 2 4 6 1 7 0
14 2 12 0 4 7 2 5 3 1 6
14 8 6 1 3 7 4 5 0 6 2
14 8 6 2 3 7 4 5 1 6 0
14 10 4 1 2 0 4 5 3 7 6
14 10 4 1 3 2 4 5 7 6 0
14 6 8 4 1 3 2 5 7 6 0
14 6 8 5 4 3 2 1 0 7 6
14 9 5 1 3 7 2 5 6 0 4
14 9 5 1 3 7 4 5 6 0 2
14 10 4 1 3 0 2 5 6 7 4
14 10 4 1 3 0 4 5 6 7 2
14 10 4 1 3 7 4 5 6 2 0
14 11 3 1 3 2 0 5 6 7 4
14 11 3 1 0 3 2 5 6 7 4
14 11 3 1 0 3 4 5 6 7 2
14 12 2 1 3 2 4 5 6 7 0
15 5 10 4 3 0 2 5 1 6 7
15 7 8 6 4 3 2 5 1 7 0
15 6 9 5 3 7 2 0 1 6 4
15 6 9 3 0 7 2 5 1 6 4
15 7 8 2 4 3 6 5 1 7 0
15 7 8 2 4 0 3 5 1 7 6
15 8 7 1 0 3 2 5 4 7 6
15 8 7 1 4 3 2 5 7 0 6
15 8 7 1 4 3 2 0 5 7 6
15 8 7 5 0 2 4 1 3 7 6
15 8 7 5 3 2 4 1 7 0 6
15 8 7 3 1 2 4 5 7 0 6
15 8 7 3 1 2 4 0 5 7 6
15 8 7 3 2 7 4 5 1 0 6
15 8 7 3 2 4 0 5 1 7 6
15 3 12 4 3 7 2 6 5 1 0
15 6 9 5 3 7 4 0 1 6 2
15 6 9 3 0 7 4 5 1 6 2
15 7 8 0 3 2 6 5 1 7 4
15 11 4 1 3 2 4 6 5 7 0
15 7 8 4 1 3 2 6 5 7 0
15 7 8 5 4 3 2 6 1 7 0
15 4 11 2 4 7 0 5 3 1 6
15 9 6 0 1 3 2 5 7 6 4
15 6 9 4 3 2 0 5 1 6 7
14 8 6 0 3 2 4 5 1 6 7
15 6 9 4 0 3 2 5 1 6 7
15 7 8 5 3 7 2 1 0 6 4
15 7 8 3 1 7 2 5 0 6 4
15 8 7 2 0 4 3 5 1 7 6
15 9 6 1 4 3 2 5 7 6 0
15 9 6 5 2 0 4 1 3 7 6
15 9 6 5 3 2 4 1 7 6 0
15 9 6 3 1 2 4 5 7 6 0
15 9 6 3 2 7 4 5 1 6 0
15 7 8 5 3 7 4 1 0 6 2
15 7 8 3 1 7 4 5 0 6 2
15 10 5 1 0 3 2 5 7 6 4
15 11 4 1 3 2 4 5 0 6 7
15 7 8 4 1 3 2 5 0 6 7
15 7 8 0 4 3 2 5 1 6 7
15 8 7 5 3 7 2 1 6 0 4
15 8 7 3 1 7 2 5 6 0 4
15 9 6 2 1 4 3 5 0 7 6
15 8 7 5 3 7 4 1 6 0 2
15 8 7 3 1 7 4 5 6 0 2
15 8 7 4 1 3 2 5 6 0 7
15 9 6 5 3 0 2 1 6 7 4
15 9 6 3 1 0 2 5 6 7 4
15 9 6 5 3 0 4 1 6 7 2
15 9 6 5 3 7 4 1 6 2 0
15 9 6 3 1 0 4 5 6 7 2
15 9 6 3 1 7 4 5 6 2 0
15 9 6 4 1 3 2 5 6 7 0
15 10 5 5 3 2 0 1 6 7 4
15 10 5 5 0 3 2 1 6 7 4
15 10 5 3 1 2 0 5 6 7 4
15 10 5 5 0 3 4 1 6 7 2
15 11 4 5 3 2 4 1 6 7 0
15 11 4 3 1 2 4 5 6 7 0
16 2 14 4 7 0 2 5 3 1 6
16 2 14 0 3 7 2 4 5 1 6
16 4 12 4 3 0 7 5 1 6 2
16 5 11 4 3 2 6 5 1 0 7
16 9 7 6 3 2 0 5 1 7 4
16 9 7 6 3 2 4 5 1 0 7
16 10 6 0 1 2 4 5 3 7 6
16 10 6 1 3 0 4 5 7 2 6
16 10 6 0 3 2 4 1 5 7 6
16 6 10 4 1 0 2 5 7 3 6
16 6 10 0 1 3 2 4 5 7 6
16 8 8 2 3 0 7 5 1 6 4
16 9 7 1 0 7 2 5 3 6 4
16 9 7 1 3 7 2 0 5 6 4
16 9 7 5 3 2 0 6 1 7 4
16 9 7 5 3 2 4 6 1 0 7
16 3 13 5 4 7 2 0 3 1 6
16 9 7 1 0 7 4 5 3 6 2
16 9 7 1 3 7 4 0 5 6 2
16 9 7 2 3 7 4 5 1 0 6
16 11 5 1 2 7 4 5 3 0 6
16 11 5 1 2 4 0 5 3 7 6
16 11 5 1 3 2 0 5 7 6 4
16 7 9 4 1 3 0 5 7 6 2
15 9 6 0 1 3 4 5 7 6 2
15 10 5 1 0 3 4 5 7 6 2
16 7 9 5 0 3 2 1 4 7 6
16 7 9 5 4 3 2 1 7 0 6
16 10 6 1 3 7 2 5 6 4 0
16 11 5 1 3 4 0 5 6 7 2
16 11 5 1 3 7 0 5 6 2 4
16 12 4 1 6 3 2 5 0 7 4
16 12 4 0 1 3 2 5 6 7 4
16 12 4 1 6 3 4 5 0 7 2
16 12 4 0 1 3 4 5 6 7 2
16 13 3 1 3 2 4 5 6 0 7
16 10 6 1 4 3 2 6 5 7 0
16 10 6 3 1 2 4 6 5 7 0
16 10 6 0 2 4 3 5 1 7 6
16 6 10 0 3 7 2 6 5 1 4
16 8 8 5 3 7 4 2 1 6 0
16 10 6 1 3 2 6 5 0 7 4
16 10 6 0 1 3 2 6 5 7 4
16 11 5 2 1 3 0 5 7 6 4
16 9 7 5 3 2 4 0 1 6 7
16 9 7 3 0 2 4 5 1 6 7
16 9 7 2 4 3 0 5 1 6 7
16 10 6 1 4 3 2 5 0 6 7
16 12 4 0 1 2 3 5 6 7 4
16 3 13 4 7 1 2 5 3 0 6
16 3 13 4 7 2 0 5 3 1 6
15 5 10 0 7 2 4 5 3 1 6
16 5 11 4 0 3 7 5 1 6 2
16 11 5 1 0 3 4 5 7 2 6
16 7 9 4 1 2 0 5 7 3 6
15 9 6 0 1 2 4 5 7 3 6
15 10 5 1 0 2 4 5 7 3 6
15 11 4 1 2 0 4 5 7 3 6
15 12 3 1 2 3 4 5 7 0 6
15 13 2 1 2 3 4 5 7 6 0
15 13 2 1 2 3 4 5 0 7 6
16 9 7 2 0 3 7 5 1 6 4
16 10 6 2 3 0 4 5 1 7 6
16 12 4 1 2 7 4 5 3 6 0
16 12 4 1 2 7 4 5 0 3 6
16 12 4 2 1 3 4 5 7 6 0
16 8 8 5 4 3 2 1 7 6 0
16 12 4 1 3 4 2 5 6 7 0
16 11 5 1 0 3 2 6 5 7 4
16 10 6 5 3 2 4 1 0 6 7
16 10 6 3 1 2 4 5 0 6 7
16 11 5 1 4 3 2 5 6 0 7
16 13 3 1 0 2 3 5 6 7 4
16 4 12 4 7 1 2 5 3 6 0
16 4 12 4 7 1 2 5 0 3 6
16 6 10 4 1 3 7 5 0 6 2
16 6 10 0 4 3 7 5 1 6 2
16 10 6 2 1 3 7 5 0 6 4
16 10 6 0 2 3 7 5 1 6 4
16 11 5 2 0 3 4 5 1 7 6
16 12 4 1 4 3 2 5 6 7 0
16 14 2 1 2 0 3 5 6 7 4
16 7 9 4 1 3 7 5 6 0 2
16 11 5 2 1 3 7 5 6 0 4
16 12 4 2 1 3 4 5 0 7 6
16 12 4 0 2 3 4 5 1 7 6
16 15 1 1 2 3 0 5 6 7 4
16 8 8 4 1 3 7 5 6 2 0
16 16 0 1 2 3 4 5 6 7 0
