14 0 14 4 1 5 7 6 0 2 3
14 1 13 4 1 5 7 6 2 0 3
14 1 13 4 1 5 7 0 6 2 3
14 2 12 4 1 0 7 6 2 5 3
14 2 12 4 1 5 7 6 2 3 0
14 3 11 4 1 7 0 6 2 5 3
13 5 8 0 1 7 4 6 2 5 3
13 6 7 1 0 7 4 6 2 5 3
13 7 6 1 2 7 4 6 0 5 3
13 8 5 1 2 7 4 6 5 0 3
13 8 5 1 2 7 4 0 6 5 3
13 9 4 1 2 0 4 6 5 7 3
13 9 4 1 2 7 4 6 5 3 0
14 3 11 4 1 5 0 6 2 3 7
13 5 8 0 1 5 4 6 2 3 7
13 6 7 1 0 5 4 6 2 3 7
13 7 6 1 2 5 4 6 0 3 7
13 7 6 1 5 0 4 6 2 3 7
13 8 5 1 2 5 4 0 6 3 7
13 8 5 1 5 3 4 6 2 0 7
13 9 4 1 5 3 4 6 2 7 0
14 4 10 4 1 7 3 6 2 5 0
15 5 10 0 1 5 7 6 2 3 4
15 6 9 6 1 7 4 0 2 5 3
15 7 8 1 7 0 4 6 2 5 3
15 9 6 0 2 7 4 1 6 5 3
15 10 5 1 2 4 0 6 5 7 3
15 10 5 1 0 2 4 6 5 7 3
15 10 5 1 2 7 0 6 5 3 4
15 6 9 6 1 5 4 0 2 3 7
15 8 7 1 2 5 4 6 3 0 7
15 8 7 1 5 4 0 6 2 3 7
15 9 6 0 2 5 4 1 6 3 7
15 9 6 1 5 3 4 6 0 2 7
15 10 5 1 5 3 0 6 2 7 4
15 7 8 0 1 7 3 6 2 5 4
15 6 9 1 0 5 7 6 2 3 4
15 11 4 1 2 4 3 6 5 7 0
15 9 6 1 2 0 4 6 3 5 7
15 9 6 1 2 5 4 6 3 7 0
15 10 5 1 0 3 4 6 5 2 7
15 10 5 1 5 3 4 0 6 2 7
15 8 7 1 0 7 3 6 2 5 4
15 7 8 1 2 5 7 6 0 3 4
15 7 8 1 5 0 7 6 2 3 4
15 9 6 1 2 7 3 6 0 5 4
15 8 7 1 2 5 7 0 6 3 4
15 8 7 1 5 7 0 6 2 3 4
15 10 5 1 2 7 3 0 6 5 4
15 9 6 1 5 7 4 6 2 3 0
16 1 15 4 0 5 7 6 1 2 3
16 2 14 0 1 5 7 4 6 2 3
16 3 13 4 0 1 7 6 2 5 3
16 8 8 2 1 7 4 6 0 5 3
16 8 8 3 1 7 4 6 2 5 0
16 10 6 1 2 7 4 3 6 5 0
16 11 5 1 2 7 4 0 5 3 6
16 12 4 1 2 0 4 6 5 3 7
16 4 12 4 1 0 5 6 2 3 7
16 8 8 2 1 5 4 6 0 3 7
16 10 6 1 2 5 4 7 6 3 0
16 11 5 1 5 3 4 0 2 7 6
16 5 11 4 1 7 3 6 2 0 5
16 13 3 1 0 3 4 5 6 2 7
16 2 14 4 5 0 7 6 1 2 3
16 2 14 0 4 5 7 6 1 2 3
16 3 13 1 0 5 7 4 6 2 3
16 4 12 4 2 1 7 6 0 5 3
16 4 12 0 4 1 7 6 2 5 3
16 9 7 2 1 7 4 6 5 0 3
16 9 7 2 1 7 4 0 6 5 3
16 12 4 1 2 7 4 5 0 3 6
16 13 3 1 2 3 4 6 5 0 7
16 5 11 4 1 3 5 6 2 0 7
16 9 7 2 1 5 4 0 6 3 7
16 6 10 4 1 0 3 6 2 7 5
16 3 13 4 5 2 7 6 1 0 3
16 3 13 4 5 7 0 6 1 2 3
15 5 10 0 5 7 4 6 1 2 3
15 6 9 5 0 7 4 6 1 2 3
15 7 8 5 1 7 4 6 0 2 3
15 8 7 5 1 7 4 6 2 0 3
15 8 7 5 1 7 4 0 6 2 3
15 9 6 5 1 0 4 6 2 7 3
15 9 6 5 1 7 4 6 2 3 0
15 9 6 0 1 7 4 5 6 2 3
15 10 5 1 0 7 4 5 6 2 3
16 4 12 1 5 0 7 4 6 2 3
16 5 11 4 2 1 7 6 5 0 3
16 5 11 4 2 1 7 0 6 5 3
16 10 6 2 1 0 4 6 5 7 3
16 10 6 2 1 7 4 6 5 3 0
16 14 2 1 2 3 4 6 5 7 0
16 6 10 4 1 3 5 6 2 7 0
16 7 9 4 1 3 0 6 2 7 5
15 9 6 0 1 3 4 6 2 7 5
15 10 5 1 0 3 4 6 2 7 5
15 11 4 1 2 3 4 6 0 7 5
15 12 3 1 2 3 4 0 6 7 5
14 14 0 1 2 3 4 5 6 7 0
