12 0 12 2 3 7 1 4 6 5 0
11 2 9 2 3 7 1 0 6 5 4
12 5 7 2 3 7 0 1 6 5 4
12 6 6 2 3 7 4 1 6 5 0
13 3 10 0 3 7 1 2 6 5 4
12 5 7 1 3 7 0 2 6 5 4
12 6 6 1 3 7 4 2 6 5 0
13 3 10 2 3 7 1 6 0 5 4
13 4 9 2 3 7 1 6 5 0 4
13 5 8 2 3 0 1 6 5 7 4
13 6 7 2 3 1 0 6 5 7 4
13 6 7 2 0 3 1 6 5 7 4
13 7 6 2 3 1 4 6 5 7 0
13 7 6 0 2 3 1 6 5 7 4
12 9 3 1 2 3 0 6 5 7 4
12 10 2 1 2 3 4 6 5 7 0
14 1 13 2 3 7 0 4 6 5 1
14 1 13 2 3 7 1 4 6 0 5
14 6 8 2 3 0 7 1 6 5 4
14 7 7 2 3 7 4 1 6 0 5
14 6 8 1 3 0 7 2 6 5 4
14 7 7 1 3 7 4 2 6 0 5
14 10 4 1 2 0 3 6 5 7 4
14 11 3 1 2 3 4 6 5 0 7
14 2 12 2 3 0 1 4 6 7 5
14 7 7 2 0 3 7 1 6 5 4
14 8 6 2 3 0 4 1 6 7 5
14 7 7 1 0 3 7 2 6 5 4
14 8 6 1 3 0 4 2 6 7 5
14 3 11 2 3 1 0 4 6 7 5
13 6 7 2 3 1 4 0 6 7 5
12 8 4 2 3 1 4 5 6 7 0
14 3 11 2 0 3 1 4 6 7 5
14 8 6 0 2 3 7 1 6 5 4
14 9 5 2 0 3 4 1 6 7 5
14 9 5 1 0 3 4 2 6 7 5
14 9 5 2 3 1 0 5 6 7 4
14 9 5 2 3 1 4 5 6 0 7
14 4 10 0 2 3 1 4 6 7 5
13 6 7 1 2 3 0 4 6 7 5
12 9 3 1 2 3 4 0 6 7 5
11 11 0 1 2 3 4 5 6 7 0
