14 0 14 6 5 1 7 4 2 3 0
13 2 11 6 5 1 7 0 2 3 4
13 3 10 0 5 1 7 6 2 3 4
13 4 9 5 0 1 7 6 2 3 4
13 5 8 5 2 1 7 6 0 3 4
13 5 8 5 1 0 7 6 2 3 4
13 6 7 5 2 1 7 0 6 3 4
13 6 7 5 1 3 7 6 2 0 4
13 6 7 5 1 7 0 6 2 3 4
13 7 6 0 2 1 7 5 6 3 4
13 7 6 5 1 7 4 6 2 3 0
14 1 13 6 5 1 0 4 2 3 7
13 4 9 6 5 1 4 0 2 3 7
13 5 8 0 5 1 4 6 2 3 7
13 6 7 5 0 1 4 6 2 3 7
13 7 6 5 2 1 4 6 0 3 7
13 8 5 5 2 1 4 0 6 3 7
13 9 4 0 2 1 4 5 6 3 7
14 5 9 6 0 1 7 5 2 3 4
14 7 7 6 0 1 4 5 2 3 7
14 6 8 6 1 0 7 5 2 3 4
14 6 8 0 6 1 7 5 2 3 4
14 8 6 6 1 0 4 5 2 3 7
14 8 6 0 6 1 4 5 2 3 7
14 7 7 6 1 3 7 5 2 0 4
14 7 7 6 1 7 0 5 2 3 4
14 9 5 6 1 3 4 5 2 0 7
14 8 6 6 1 7 4 5 2 3 0
14 10 4 6 1 3 4 5 2 7 0
15 3 12 6 5 1 7 2 0 3 4
15 6 9 5 2 1 7 6 3 0 4
15 7 8 5 1 3 7 6 2 4 0
15 7 8 5 1 3 7 6 0 2 4
15 8 7 2 0 1 7 5 6 3 4
15 8 7 5 1 7 4 6 2 0 3
15 5 10 6 5 1 4 2 0 3 7
15 8 7 5 2 1 4 6 3 0 7
15 10 5 2 0 1 4 5 6 3 7
15 4 11 6 0 1 7 2 5 3 4
15 8 7 5 1 3 0 6 2 4 7
15 8 7 5 1 3 7 0 6 2 4
15 9 6 2 1 0 7 5 6 3 4
15 9 6 5 1 0 4 6 2 7 3
15 6 9 6 0 1 4 2 5 3 7
15 9 6 5 2 1 4 6 3 7 0
15 11 4 2 1 0 4 5 6 3 7
15 5 10 6 1 0 7 2 5 3 4
15 5 10 0 6 1 7 2 5 3 4
15 9 6 0 1 3 7 5 6 2 4
15 10 5 2 1 3 7 5 6 0 4
15 10 5 2 1 7 0 5 6 3 4
15 7 8 6 1 0 4 2 5 3 7
15 7 8 0 6 1 4 2 5 3 7
15 12 3 2 1 3 4 5 6 0 7
15 6 9 6 1 3 7 2 5 0 4
15 6 9 6 1 7 0 2 5 3 4
15 6 9 2 6 1 7 0 5 3 4
15 10 5 1 0 3 7 5 6 2 4
15 11 4 2 1 7 4 5 6 3 0
15 8 7 6 1 3 4 2 5 0 7
15 8 7 2 6 1 4 0 5 3 7
15 13 2 2 1 3 4 5 6 7 0
15 7 8 6 1 7 4 2 5 3 0
15 9 6 6 1 3 4 2 5 7 0
16 1 15 6 5 1 7 4 2 0 3
16 5 11 6 5 1 0 7 2 3 4
16 5 11 7 5 1 0 6 2 3 4
16 6 10 2 5 1 7 6 0 3 4
16 9 7 5 2 1 0 7 6 3 4
16 9 7 5 1 7 3 6 2 0 4
16 9 7 7 2 1 0 5 6 3 4
16 9 7 5 1 7 4 0 2 3 6
16 10 6 5 1 0 4 6 2 3 7
16 2 14 6 5 0 1 4 2 3 7
16 6 10 6 5 1 4 7 2 3 0
16 8 8 2 5 1 4 6 0 3 7
16 10 6 5 2 1 4 7 6 3 0
16 7 9 5 6 1 7 0 2 3 4
16 9 7 6 1 4 0 5 2 3 7
16 9 7 5 6 1 4 0 2 3 7
16 8 8 6 1 3 7 5 2 4 0
16 8 8 6 1 3 7 5 0 2 4
16 10 6 6 1 3 4 5 0 2 7
16 9 7 6 1 7 4 5 2 0 3
16 11 5 6 1 3 0 5 2 7 4
16 11 5 5 1 3 4 6 2 0 7
16 7 9 2 5 1 7 0 6 3 4
16 10 6 5 1 0 3 6 2 7 4
16 3 13 6 5 3 1 4 2 0 7
16 9 7 2 5 1 4 0 6 3 7
16 9 7 6 1 3 0 5 2 4 7
16 12 4 5 1 3 4 6 2 7 0
16 11 5 5 1 3 0 6 2 7 4
16 4 12 6 5 3 1 4 2 7 0
15 6 9 6 5 3 1 0 2 7 4
15 7 8 0 5 3 1 6 2 7 4
14 9 5 1 5 3 0 6 2 7 4
14 10 4 1 5 3 4 6 2 7 0
15 8 7 5 0 3 1 6 2 7 4
15 9 6 5 2 3 1 6 0 7 4
15 10 5 5 2 3 1 0 6 7 4
15 11 4 0 2 3 1 5 6 7 4
14 13 1 1 2 3 0 5 6 7 4
14 14 0 1 2 3 4 5 6 7 0
