9 0 9 3 6 1 4 0 5 7 2
9 1 8 3 6 1 4 5 0 7 2
9 2 7 3 0 1 4 5 6 7 2
9 3 6 3 1 0 4 5 6 7 2
9 3 6 0 3 1 4 5 6 7 2
10 2 8 3 6 1 4 2 5 7 0
10 6 4 2 3 1 4 5 6 7 0
11 1 10 0 6 1 4 3 5 7 2
11 2 9 3 6 1 4 5 7 0 2
11 4 7 3 1 7 4 5 6 0 2
11 4 7 3 1 4 0 5 6 7 2
11 4 7 5 3 1 4 0 6 7 2
11 3 8 3 6 1 4 5 7 2 0
11 5 6 3 1 7 4 5 6 2 0
11 5 6 3 1 4 2 5 6 7 0
12 3 9 3 0 1 4 6 5 7 2
12 3 9 3 6 1 0 2 5 7 4
12 3 9 3 6 1 4 2 5 0 7
12 7 5 2 3 1 0 5 6 7 4
12 7 5 2 3 1 4 5 6 0 7
12 4 8 2 6 1 4 3 5 7 0
12 6 6 0 1 4 3 5 6 7 2
12 6 6 5 3 1 4 2 6 7 0
12 4 8 3 1 0 4 6 5 7 2
12 4 8 0 3 1 4 6 5 7 2
12 7 5 1 0 4 3 5 6 7 2
13 5 8 0 6 1 4 2 5 7 3
13 2 11 6 0 1 4 3 5 7 2
13 3 10 3 6 0 4 5 7 1 2
13 5 8 3 1 7 4 5 0 6 2
13 5 8 5 3 1 4 6 0 7 2
13 4 9 3 6 1 0 5 7 2 4
13 6 7 3 1 7 0 5 6 2 4
13 6 7 3 1 4 2 5 6 0 7
13 5 8 0 6 1 3 2 5 7 4
13 6 7 2 6 1 4 0 5 7 3
13 9 4 2 1 4 3 5 6 7 0
13 7 6 2 3 1 4 6 5 7 0
13 3 10 6 1 0 4 3 5 7 2
13 6 7 2 6 1 3 0 5 7 4
13 7 6 2 6 1 4 5 0 7 3
13 7 6 2 6 1 3 5 0 7 4
13 8 5 2 0 1 4 5 6 7 3
13 8 5 2 0 1 3 5 6 7 4
13 9 4 2 1 0 4 5 6 7 3
13 9 4 0 2 1 4 5 6 7 3
13 9 4 0 2 1 3 5 6 7 4
14 5 9 4 3 1 0 5 6 7 2
14 6 8 6 3 1 4 5 0 7 2
14 4 10 5 6 1 4 3 0 7 2
14 6 8 0 6 1 4 5 7 2 3
14 8 6 3 1 0 4 5 6 2 7
14 8 6 0 1 7 4 5 6 2 3
14 8 6 3 1 0 2 5 6 7 4
14 8 6 0 1 4 2 5 6 7 3
14 4 10 3 5 1 4 6 0 7 2
14 4 10 3 6 0 1 2 5 7 4
14 4 10 3 6 0 4 2 5 1 7
14 4 10 3 6 1 4 2 0 5 7
14 8 6 2 3 0 1 5 6 7 4
14 8 6 2 3 0 4 5 6 1 7
14 8 6 2 3 1 4 5 0 6 7
14 5 9 2 6 1 0 3 5 7 4
14 5 9 2 6 1 4 3 5 0 7
14 7 7 5 1 4 3 0 6 7 2
14 7 7 5 3 1 0 2 6 7 4
14 7 7 5 3 1 4 2 6 0 7
14 5 9 3 1 7 4 6 5 0 2
14 5 9 3 1 4 0 6 5 7 2
14 5 9 6 3 1 4 0 5 7 2
14 8 6 1 6 4 3 5 0 7 2
14 8 6 1 4 0 3 5 6 7 2
14 6 8 0 6 1 3 5 7 2 4
14 8 6 0 1 7 3 5 6 2 4
14 6 8 4 3 1 2 5 6 7 0
14 5 9 5 6 1 4 0 3 7 2
14 9 5 3 1 2 4 5 6 0 7
14 9 5 1 0 7 4 5 6 2 3
14 9 5 3 1 2 0 5 6 7 4
14 9 5 1 0 4 2 5 6 7 3
14 5 9 3 5 1 4 0 6 7 2
14 5 9 3 0 1 4 2 6 5 7
14 5 9 3 6 1 4 0 2 5 7
14 9 5 2 0 3 1 5 6 7 4
14 9 5 2 0 3 4 5 6 1 7
14 6 8 3 1 7 4 6 5 2 0
14 6 8 3 1 4 2 6 5 7 0
14 9 5 1 4 3 0 5 6 7 2
14 9 5 1 0 7 3 5 6 2 4
14 6 8 0 6 1 4 5 3 7 2
14 10 4 3 1 2 4 5 6 7 0
14 6 8 3 1 0 4 2 6 5 7
14 6 8 0 3 1 4 2 6 5 7
14 10 4 0 2 3 1 5 6 7 4
13 12 1 1 2 3 0 5 6 7 4
13 13 0 1 2 3 4 5 6 7 0
