17 0 17 7 0 6 5 1 3 4 2
17 1 16 7 3 6 5 1 0 4 2
17 1 16 7 6 0 5 1 3 4 2
17 1 16 0 7 6 5 1 3 4 2
16 3 13 5 7 6 0 1 3 4 2
16 4 12 5 7 6 2 1 3 4 0
16 5 11 5 7 6 2 1 3 0 4
16 6 10 5 7 0 2 1 3 6 4
16 6 10 5 7 6 2 1 0 3 4
16 7 9 5 7 2 0 1 3 6 4
16 7 9 5 0 7 2 1 3 6 4
16 7 9 5 0 6 2 1 7 3 4
16 8 8 5 7 2 4 1 3 6 0
16 8 8 5 3 7 2 1 0 6 4
16 8 8 5 6 0 2 1 7 3 4
16 9 7 5 3 7 2 1 6 0 4
16 9 7 5 6 3 2 1 7 0 4
16 9 7 5 6 2 0 1 7 3 4
16 10 6 5 3 0 2 1 6 7 4
16 10 6 5 6 3 2 1 0 7 4
16 10 6 5 6 2 4 1 7 3 0
16 11 5 5 3 2 0 1 6 7 4
16 11 5 5 0 3 2 1 6 7 4
16 12 4 5 3 2 4 1 6 7 0
17 2 15 7 6 4 5 1 3 0 2
17 2 15 7 6 5 0 1 3 4 2
17 2 15 1 7 6 5 0 3 4 2
16 5 11 1 7 6 0 5 3 4 2
16 6 10 1 7 6 2 5 3 4 0
16 7 9 1 7 6 2 5 3 0 4
16 8 8 1 7 0 2 5 3 6 4
16 8 8 1 7 6 2 5 0 3 4
16 9 7 1 7 2 0 5 3 6 4
16 9 7 1 0 7 2 5 3 6 4
16 9 7 1 0 6 2 5 7 3 4
16 10 6 1 7 2 4 5 3 6 0
16 10 6 1 3 7 2 5 0 6 4
16 10 6 1 6 0 2 5 7 3 4
16 11 5 1 3 7 2 5 6 0 4
16 11 5 1 6 3 2 5 7 0 4
16 11 5 1 6 2 0 5 7 3 4
16 12 4 1 3 0 2 5 6 7 4
16 12 4 1 6 3 2 5 0 7 4
16 12 4 1 6 2 4 5 7 3 0
16 13 3 1 3 2 0 5 6 7 4
16 13 3 1 0 3 2 5 6 7 4
16 14 2 1 3 2 4 5 6 7 0
17 6 11 5 7 6 4 1 3 0 2
17 3 14 7 6 4 5 1 3 2 0
17 3 14 7 6 4 5 1 0 3 2
17 3 14 7 6 5 2 1 3 4 0
17 8 9 1 7 6 4 5 3 0 2
17 7 10 5 7 6 4 1 3 2 0
17 7 10 5 7 6 4 1 0 3 2
17 4 13 7 6 4 0 1 3 2 5
17 4 13 7 0 4 5 1 6 3 2
17 4 13 7 6 5 2 1 3 0 4
17 9 8 1 7 6 4 5 3 2 0
17 9 8 1 7 6 4 5 0 3 2
17 8 9 5 0 6 4 1 7 3 2
17 5 12 7 6 0 4 1 3 2 5
17 5 12 0 7 4 5 1 6 3 2
16 7 9 5 7 4 0 1 6 3 2
16 8 8 5 7 4 2 1 6 3 0
16 8 8 5 7 0 4 1 6 3 2
16 9 7 5 7 3 4 1 6 0 2
16 9 7 5 0 7 4 1 6 3 2
16 10 6 5 7 3 4 1 6 2 0
17 5 12 7 6 0 2 1 3 5 4
17 5 12 7 6 5 2 1 0 3 4
17 10 7 1 0 6 4 5 7 3 2
17 6 11 7 6 2 4 1 3 0 5
17 6 11 1 7 4 5 0 6 3 2
16 9 7 1 7 4 0 5 6 3 2
16 10 6 1 7 4 2 5 6 3 0
16 10 6 1 7 0 4 5 6 3 2
16 11 5 1 7 3 4 5 6 0 2
16 11 5 1 0 7 4 5 6 3 2
16 12 4 1 7 3 4 5 6 2 0
17 6 11 7 6 2 0 1 3 5 4
17 6 11 7 0 5 2 1 6 3 4
17 7 10 7 6 2 4 1 3 5 0
17 7 10 7 6 2 4 1 0 3 5
17 7 10 7 5 0 2 1 6 3 4
17 7 10 0 7 5 2 1 6 3 4
17 8 9 7 0 2 4 1 6 3 5
17 8 9 7 5 3 2 1 6 0 4
17 8 9 7 5 2 0 1 6 3 4
17 8 9 1 7 5 2 0 6 3 4
17 9 8 7 2 0 4 1 6 3 5
17 9 8 0 7 2 4 1 6 3 5
17 9 8 7 5 2 4 1 6 3 0
17 10 7 7 2 3 4 1 6 0 5
17 10 7 1 7 2 4 0 6 3 5
16 12 4 1 7 2 4 5 6 3 0
17 11 6 7 2 3 4 1 6 5 0
18 4 14 2 7 6 5 1 3 4 0
18 4 14 5 7 0 6 1 3 4 2
18 7 11 5 7 6 2 0 1 3 4
18 8 10 0 5 7 2 1 3 6 4
18 8 10 0 5 6 2 1 7 3 4
18 9 9 5 7 2 4 1 3 0 6
18 9 9 5 3 7 2 0 1 6 4
18 10 8 5 3 7 2 1 6 4 0
18 10 8 5 6 3 2 1 7 4 0
18 11 7 5 6 3 2 0 1 7 4
18 11 7 5 6 2 4 1 7 0 3
18 12 6 0 5 3 2 1 6 7 4
18 13 5 5 3 2 4 1 6 0 7
18 4 14 0 6 5 7 1 3 4 2
18 5 13 7 6 5 4 1 3 0 2
18 4 14 1 7 6 5 2 3 4 0
18 6 12 1 7 0 6 5 3 4 2
18 9 9 1 7 6 2 0 5 3 4
18 10 8 0 1 7 2 5 3 6 4
18 10 8 0 1 6 2 5 7 3 4
18 11 7 1 7 2 4 5 3 0 6
18 11 7 1 3 7 2 0 5 6 4
18 12 6 1 3 7 2 5 6 4 0
18 12 6 1 6 3 2 5 7 4 0
18 13 5 1 6 3 2 0 5 7 4
18 13 5 1 6 2 4 5 7 0 3
18 14 4 0 1 3 2 5 6 7 4
18 15 3 1 3 2 4 5 6 0 7
18 6 12 0 6 4 5 1 3 2 7
17 8 9 5 6 4 0 1 3 2 7
17 9 8 5 6 0 4 1 3 2 7
17 10 7 5 6 2 4 1 3 0 7
17 11 6 5 6 2 4 1 3 7 0
17 11 6 5 6 2 4 1 0 3 7
17 12 5 5 0 2 4 1 6 3 7
17 13 4 5 2 0 4 1 6 3 7
17 14 3 5 2 3 4 1 6 0 7
17 15 2 5 2 3 4 1 6 7 0
18 6 12 0 6 5 2 1 3 4 7
18 6 12 0 6 4 7 1 3 2 5
18 8 10 2 7 4 5 1 6 3 0
18 9 9 5 7 4 2 1 6 0 3
18 10 8 5 7 3 4 1 0 6 2
18 10 8 5 6 7 4 1 0 3 2
18 10 8 0 5 7 4 1 6 3 2
18 11 7 5 7 3 0 1 6 2 4
18 8 10 1 7 4 5 2 6 3 0
18 11 7 1 7 4 2 5 6 0 3
18 12 6 1 7 3 4 5 0 6 2
18 12 6 1 6 7 4 5 0 3 2
18 12 6 0 1 7 4 5 6 3 2
18 13 5 1 7 3 0 5 6 2 4
18 8 10 0 6 2 7 1 3 5 4
18 10 8 0 6 2 4 1 3 5 7
18 9 9 2 7 5 0 1 6 3 4
18 10 8 0 5 2 7 1 6 3 4
18 12 6 5 7 2 4 1 6 3 0
18 12 6 0 5 2 4 1 6 3 7
18 13 5 1 7 2 0 5 6 3 4
18 13 5 1 7 2 4 5 6 0 3
18 14 4 0 2 3 4 1 6 5 7
18 5 13 2 7 6 0 1 3 4 5
18 5 13 2 7 6 5 1 3 0 4
18 5 13 5 7 4 6 1 3 0 2
18 5 13 5 0 7 6 1 3 4 2
18 8 10 0 7 6 2 5 1 3 4
18 9 9 1 5 7 2 0 3 6 4
18 9 9 1 5 6 2 0 7 3 4
18 10 8 5 7 2 4 1 0 3 6
18 10 8 0 3 7 2 5 1 6 4
18 12 6 0 6 3 2 5 1 7 4
18 12 6 5 6 2 4 1 0 7 3
18 13 5 1 5 3 2 0 6 7 4
18 5 13 1 6 5 7 0 3 4 2
18 6 12 7 6 5 4 1 3 2 0
18 6 12 7 6 5 4 1 0 3 2
18 5 13 1 7 6 0 2 3 4 5
18 5 13 1 7 6 5 2 3 0 4
18 7 11 1 7 4 6 5 3 0 2
18 7 11 1 0 7 6 5 3 4 2
18 12 6 1 7 2 4 5 0 3 6
18 14 4 1 6 2 4 5 0 7 3
18 7 11 1 6 4 5 0 3 2 7
17 10 7 1 6 4 0 5 3 2 7
17 11 6 1 6 0 4 5 3 2 7
17 12 5 1 6 2 4 5 3 0 7
17 13 4 1 6 2 4 5 3 7 0
17 13 4 1 6 2 4 5 0 3 7
17 14 3 1 0 2 4 5 6 3 7
17 15 2 1 2 0 4 5 6 3 7
17 16 1 1 2 3 4 5 6 0 7
17 17 0 1 2 3 4 5 6 7 0
