12 0 12 6 5 0 4 2 3 7 1
14 1 13 6 5 7 4 2 3 0 1
14 1 13 6 5 4 0 2 3 7 1
14 1 13 6 0 5 4 2 3 7 1
14 2 12 6 5 7 4 2 3 1 0
14 2 12 6 5 7 4 2 0 3 1
14 2 12 6 5 4 1 2 3 7 0
14 2 12 6 3 5 4 2 0 7 1
14 2 12 0 6 5 4 2 3 7 1
13 5 8 1 6 5 4 2 3 7 0
14 3 11 6 0 7 4 2 5 3 1
14 3 11 6 5 7 4 0 2 3 1
13 5 8 6 5 7 4 1 2 3 0
14 3 11 6 3 5 4 0 2 7 1
13 5 8 6 3 5 4 1 2 7 0
14 3 11 2 6 5 4 0 3 7 1
13 5 8 2 6 5 4 1 3 7 0
14 4 10 0 6 7 4 2 5 3 1
13 7 6 1 6 7 4 2 5 3 0
14 4 10 0 5 7 4 6 2 3 1
13 7 6 1 5 7 4 6 2 3 0
14 4 10 0 3 5 4 6 2 7 1
13 7 6 1 3 5 4 6 2 7 0
14 5 9 2 6 7 4 0 5 3 1
13 7 6 2 6 7 4 1 5 3 0
14 5 9 5 0 7 4 6 2 3 1
14 6 8 2 6 7 4 5 0 3 1
14 6 8 5 2 7 4 6 0 3 1
14 7 7 2 0 7 4 5 6 3 1
14 7 7 5 2 7 4 0 6 3 1
13 9 4 5 2 7 4 1 6 3 0
14 8 6 0 2 7 4 5 6 3 1
13 11 2 1 2 7 4 5 6 3 0
15 6 9 1 6 5 0 2 3 7 4
15 6 9 1 6 5 4 2 3 0 7
15 6 9 6 0 7 4 5 2 3 1
15 6 9 6 5 7 0 1 2 3 4
15 6 9 6 5 7 4 1 2 0 3
15 6 9 6 3 5 0 1 2 7 4
15 6 9 6 3 5 4 1 2 0 7
15 6 9 2 6 5 0 1 3 7 4
15 6 9 2 6 5 4 1 3 0 7
15 8 7 1 6 7 0 2 5 3 4
15 8 7 1 6 7 4 2 5 0 3
15 8 7 1 5 7 0 6 2 3 4
15 8 7 1 5 7 4 6 2 0 3
15 8 7 1 3 5 0 6 2 7 4
15 8 7 1 3 5 4 6 2 0 7
15 8 7 2 6 7 0 1 5 3 4
15 8 7 2 6 7 4 1 5 0 3
15 10 5 5 2 7 0 1 6 3 4
15 10 5 5 2 7 4 1 6 0 3
15 12 3 1 2 7 0 5 6 3 4
15 12 3 1 2 7 4 5 6 0 3
15 7 8 1 6 0 4 2 3 5 7
15 7 8 1 6 5 4 2 0 3 7
15 7 8 0 6 7 4 5 2 3 1
14 10 4 1 6 7 4 5 2 3 0
15 7 8 6 5 0 4 1 2 7 3
15 7 8 6 3 0 4 1 2 5 7
15 7 8 2 6 0 4 1 3 5 7
15 7 8 2 6 5 4 1 0 3 7
15 9 6 1 6 0 4 2 5 7 3
15 9 6 1 5 0 4 6 2 7 3
15 9 6 1 3 0 4 6 2 5 7
15 9 6 2 6 0 4 1 5 7 3
15 11 4 5 2 0 4 1 6 7 3
15 13 2 1 2 0 4 5 6 7 3
15 8 7 1 0 5 4 2 6 3 7
15 8 7 1 6 5 4 0 2 3 7
15 8 7 6 0 3 4 1 2 5 7
15 8 7 2 0 5 4 1 6 3 7
15 10 5 1 0 3 4 6 2 5 7
15 9 6 1 5 0 4 2 6 3 7
15 9 6 6 2 3 4 1 0 5 7
15 9 6 0 6 3 4 1 2 5 7
15 9 6 2 5 0 4 1 6 3 7
15 9 6 0 2 5 4 1 6 3 7
15 11 4 1 2 3 4 6 0 5 7
15 10 5 1 5 3 4 2 6 0 7
15 10 5 6 2 3 4 1 5 0 7
15 10 5 1 6 3 4 0 2 5 7
15 10 5 2 5 3 4 1 6 0 7
15 10 5 1 2 5 4 0 6 3 7
15 12 3 1 2 3 4 6 5 0 7
15 12 3 1 2 3 4 0 6 5 7
15 11 4 1 5 3 4 2 6 7 0
15 11 4 6 2 3 4 1 5 7 0
15 11 4 2 5 3 4 1 6 7 0
15 13 2 1 2 3 4 6 5 7 0
16 3 13 6 5 7 0 2 3 1 4
16 3 13 6 5 4 1 2 3 0 7
16 3 13 6 3 5 4 2 7 0 1
16 7 9 1 6 5 4 0 3 7 2
16 8 8 1 6 0 4 2 3 7 5
16 4 12 6 7 0 4 2 5 3 1
16 8 8 6 5 0 4 1 2 3 7
16 8 8 0 5 7 4 1 2 3 6
16 8 8 6 3 0 4 1 2 7 5
16 8 8 0 3 5 4 1 2 7 6
16 4 12 2 6 5 4 3 0 7 1
16 8 8 2 6 0 4 1 3 7 5
16 9 7 1 6 7 4 0 5 3 2
16 10 6 1 6 0 4 2 5 3 7
16 9 7 1 5 7 4 0 2 3 6
16 10 6 1 5 0 4 6 2 3 7
16 5 11 3 0 5 4 6 2 7 1
16 9 7 1 3 5 4 0 2 7 6
16 10 6 1 3 0 4 6 2 7 5
16 10 6 2 6 0 4 1 5 3 7
16 6 10 5 7 0 4 6 2 3 1
16 7 9 2 6 7 4 5 3 0 1
16 7 9 5 2 7 4 6 3 0 1
16 8 8 2 7 0 4 5 6 3 1
16 12 4 5 2 0 4 1 6 3 7
16 14 2 1 2 0 4 5 6 3 7
16 11 5 1 6 7 0 5 2 3 4
16 11 5 1 6 7 4 5 2 0 3
16 4 12 6 5 4 1 2 0 3 7
16 4 12 6 3 0 4 2 7 5 1
16 4 12 6 3 5 4 2 7 1 0
16 5 11 6 7 3 4 2 5 0 1
16 9 7 6 5 3 4 1 2 0 7
16 9 7 5 0 7 4 1 2 3 6
16 9 7 6 0 3 4 1 2 7 5
16 5 11 2 0 5 4 3 6 7 1
16 10 6 1 6 7 4 5 0 3 2
16 11 5 1 6 3 4 2 5 0 7
16 11 5 1 5 3 4 6 2 0 7
16 6 10 3 2 5 4 6 0 7 1
16 6 10 3 5 0 4 6 2 7 1
16 11 5 1 0 3 4 6 2 7 5
16 11 5 2 6 3 4 1 5 0 7
16 7 9 5 7 3 4 6 2 0 1
16 8 8 2 6 0 4 5 3 7 1
16 8 8 2 6 7 4 5 3 1 0
16 8 8 5 2 0 4 6 3 7 1
16 8 8 5 2 7 4 6 3 1 0
16 9 7 2 7 3 4 5 6 0 1
16 13 3 5 2 3 4 1 6 0 7
16 15 1 1 2 3 4 5 6 0 7
16 12 4 1 6 0 4 5 2 7 3
16 5 11 6 0 4 1 2 5 3 7
16 5 11 6 5 4 1 0 2 3 7
16 5 11 6 0 3 4 2 7 5 1
16 6 10 6 7 3 4 2 5 1 0
16 10 6 6 5 3 4 1 2 7 0
16 10 6 5 2 7 4 1 0 3 6
16 10 6 6 2 3 4 1 0 7 5
16 10 6 0 6 3 4 1 2 7 5
16 6 10 2 5 0 4 3 6 7 1
16 6 10 0 2 5 4 3 6 7 1
15 9 6 1 2 5 4 3 6 7 0
16 11 5 1 0 7 4 5 6 3 2
16 12 4 1 6 3 4 2 5 7 0
16 12 4 1 5 3 4 6 2 7 0
16 7 9 3 2 5 4 0 6 7 1
15 9 6 3 2 5 4 1 6 7 0
16 12 4 1 2 3 4 6 0 7 5
16 12 4 2 6 3 4 1 5 7 0
16 8 8 5 7 3 4 6 2 1 0
16 10 6 2 7 3 4 5 6 1 0
16 14 2 5 2 3 4 1 6 7 0
16 16 0 1 2 3 4 5 6 7 0
