7 0 7 3 2 4 1 5 6 0 7
7 1 6 3 2 4 1 5 6 7 0
9 1 8 3 2 0 1 5 6 4 7
9 1 8 3 2 4 1 5 0 6 7
9 2 7 3 2 4 0 5 6 7 1
9 2 7 3 2 1 0 5 6 4 7
9 3 6 3 2 0 4 5 6 7 1
10 4 6 3 2 0 1 5 6 7 4
10 4 6 0 2 4 1 5 6 7 3
9 6 3 1 2 4 0 5 6 7 3
9 7 2 1 2 4 3 5 6 7 0
9 7 2 1 2 0 4 5 6 7 3
10 4 6 0 2 4 3 5 6 7 1
10 4 6 0 2 1 3 5 6 4 7
10 5 5 3 2 1 4 5 6 0 7
10 5 5 3 2 1 0 5 6 7 4
10 6 4 3 2 1 4 5 6 7 0
11 2 9 3 0 2 1 5 6 4 7
11 2 9 3 0 4 1 5 2 6 7
11 2 9 3 2 4 1 0 5 6 7
11 3 8 3 2 1 7 5 6 4 0
11 4 7 3 2 7 4 5 6 0 1
11 4 7 3 0 2 4 5 6 7 1
11 8 3 1 2 4 3 5 6 0 7
11 8 3 1 2 7 4 5 6 0 3
11 8 3 1 0 2 4 5 6 7 3
11 7 4 0 2 1 3 5 6 7 4
11 3 8 0 3 2 1 5 6 4 7
10 5 5 1 3 2 0 5 6 4 7
11 3 8 0 3 4 1 5 2 6 7
10 5 5 1 3 4 0 5 2 6 7
10 6 4 1 3 0 4 5 2 6 7
10 7 3 1 0 3 4 5 2 6 7
10 8 2 1 2 3 4 5 0 6 7
10 9 1 1 2 3 4 5 6 0 7
10 10 0 1 2 3 4 5 6 7 0
