11 0 11 5 3 1 6 0 7 2 4
11 1 10 0 3 1 6 5 7 2 4
12 3 9 5 3 1 0 6 7 2 4
12 3 9 6 3 1 0 5 7 2 4
12 4 8 5 3 1 4 6 7 2 0
12 4 8 6 3 1 4 5 7 2 0
13 1 12 5 3 1 6 7 0 2 4
13 2 11 3 0 1 6 5 7 2 4
13 2 11 5 3 1 6 7 2 0 4
13 3 10 3 1 0 6 5 7 2 4
13 4 9 3 1 2 6 5 7 0 4
13 4 9 3 1 6 0 5 7 2 4
13 5 8 3 1 2 6 5 0 7 4
13 5 8 3 1 6 4 5 7 2 0
14 4 10 5 3 0 1 6 7 2 4
14 4 10 6 3 0 1 5 7 2 4
14 5 9 5 3 1 4 6 7 0 2
14 5 9 6 3 1 4 5 7 0 2
14 6 8 0 1 6 3 5 7 2 4
14 5 9 5 3 2 1 6 7 0 4
14 5 9 5 0 3 1 6 7 2 4
14 5 9 6 3 2 1 5 7 0 4
14 5 9 6 0 3 1 5 7 2 4
14 6 8 5 3 1 4 6 0 7 2
14 6 8 6 3 1 4 5 0 7 2
14 7 7 1 0 6 3 5 7 2 4
14 6 8 5 3 2 1 6 0 7 4
14 6 8 6 3 2 1 5 0 7 4
14 6 8 0 6 3 1 5 7 2 4
13 8 5 1 6 3 0 5 7 2 4
13 9 4 1 6 3 4 5 7 2 0
14 7 7 5 3 1 4 0 6 7 2
14 8 6 1 6 0 3 5 7 2 4
14 7 7 5 3 2 1 0 6 7 4
14 8 6 0 3 1 4 5 6 7 2
14 9 5 1 6 2 3 5 7 0 4
14 8 6 0 3 2 1 5 6 7 4
13 10 3 1 3 2 0 5 6 7 4
13 11 2 1 3 2 4 5 6 7 0
14 10 4 1 6 2 3 5 0 7 4
14 11 3 1 0 2 3 5 6 7 4
14 12 2 1 2 0 3 5 6 7 4
14 13 1 1 2 3 0 5 6 7 4
14 14 0 1 2 3 4 5 6 7 0
