14 0 14 6 2 4 7 3 0 1 5
14 1 13 6 2 4 7 3 1 0 5
14 1 13 6 2 4 7 0 3 1 5
13 3 10 6 2 4 7 5 3 1 0
13 4 9 6 2 4 0 5 3 1 7
13 5 8 6 2 0 4 5 3 1 7
13 6 7 6 2 1 4 5 3 0 7
13 7 6 6 2 1 4 5 3 7 0
13 7 6 6 2 1 4 5 0 3 7
14 2 12 6 2 4 7 3 1 5 0
14 2 12 0 2 4 7 6 3 1 5
14 3 11 6 2 4 0 3 1 5 7
14 4 10 6 2 0 4 3 1 5 7
15 4 11 6 2 4 7 5 3 0 1
15 6 9 6 0 2 4 5 3 1 7
15 8 7 6 2 1 0 5 3 7 4
15 8 7 6 0 1 4 5 2 3 7
15 8 7 6 2 1 4 0 5 3 7
15 4 11 6 2 4 7 0 1 5 3
15 5 10 5 2 4 7 6 3 1 0
15 6 9 6 2 4 3 0 1 5 7
15 5 10 6 2 4 7 5 0 3 1
15 7 8 6 3 2 4 5 0 1 7
15 7 8 0 6 2 4 5 3 1 7
15 9 6 6 1 0 4 5 2 3 7
15 9 6 0 6 1 4 5 2 3 7
15 9 6 0 2 1 4 6 5 3 7
15 5 10 0 2 4 7 6 1 5 3
15 5 10 6 2 4 7 1 0 5 3
15 6 9 5 2 4 0 6 3 1 7
15 7 8 0 2 4 3 6 1 5 7
15 7 8 6 2 4 3 1 0 5 7
15 8 7 6 3 2 4 5 1 0 7
15 10 5 6 1 3 4 5 2 0 7
15 6 9 6 2 4 7 1 5 0 3
15 7 8 5 2 0 4 6 3 1 7
15 8 7 6 2 4 3 1 5 0 7
15 9 6 6 3 2 4 5 1 7 0
15 11 4 6 1 3 4 5 2 7 0
15 7 8 6 2 4 7 1 5 3 0
15 8 7 5 2 1 4 6 3 0 7
15 9 6 6 2 4 3 1 5 7 0
15 8 7 6 2 4 0 1 5 3 7
15 9 6 5 2 1 4 6 3 7 0
15 9 6 6 2 0 4 1 5 3 7
15 10 5 6 2 3 4 1 5 0 7
15 11 4 6 2 3 4 1 5 7 0
16 1 15 6 0 4 7 3 2 1 5
16 2 14 6 2 0 7 3 1 4 5
16 6 10 6 2 0 7 5 3 1 4
16 6 10 0 2 4 7 5 3 1 6
16 6 10 0 2 4 6 5 3 1 7
16 7 9 6 2 4 1 5 3 0 7
16 10 6 0 2 1 4 5 3 7 6
16 3 13 2 0 4 7 6 3 1 5
16 5 11 6 2 5 4 3 1 0 7
16 5 11 6 0 2 4 3 1 5 7
16 8 8 1 2 4 7 6 0 5 3
16 10 6 1 2 4 3 6 0 5 7
16 2 14 0 6 4 7 3 2 1 5
16 3 13 6 2 7 0 3 1 4 5
16 7 9 6 2 7 0 5 3 1 4
16 8 8 6 2 4 1 5 3 7 0
16 8 8 6 2 4 1 5 0 3 7
16 4 12 2 3 4 7 6 0 1 5
16 6 10 6 2 5 4 3 1 7 0
16 6 10 6 1 2 4 3 0 5 7
16 6 10 0 6 2 4 3 1 5 7
16 9 7 1 2 4 7 6 5 0 3
16 9 7 1 2 4 7 0 6 5 3
16 11 5 1 2 4 3 6 5 0 7
16 11 5 1 2 4 3 0 6 5 7
16 3 13 3 6 4 7 0 2 1 5
15 5 10 3 6 4 7 5 2 1 0
15 6 9 3 6 4 0 5 2 1 7
15 7 8 3 6 0 4 5 2 1 7
15 8 7 3 6 1 4 5 2 0 7
15 9 6 3 6 1 4 5 2 7 0
16 8 8 6 2 7 4 5 3 1 0
16 5 11 2 3 4 7 6 1 0 5
16 5 11 2 3 4 7 0 6 1 5
15 7 8 2 3 4 7 5 6 1 0
15 8 7 2 3 4 0 5 6 1 7
15 9 6 2 3 0 4 5 6 1 7
15 10 5 2 3 1 4 5 6 0 7
15 10 5 2 0 3 4 5 6 1 7
15 11 4 2 3 1 4 5 6 7 0
15 11 4 0 2 3 4 5 6 1 7
16 7 9 6 1 2 4 3 5 0 7
16 7 9 6 1 2 4 0 3 5 7
16 7 9 3 6 2 4 0 1 5 7
16 10 6 1 2 4 7 6 5 3 0
16 12 4 1 2 4 3 6 5 7 0
16 8 8 0 6 4 3 5 2 1 7
16 6 10 2 3 4 7 6 1 5 0
16 8 8 6 1 2 4 3 5 7 0
16 8 8 0 1 2 4 6 3 5 7
16 8 8 3 6 2 4 1 0 5 7
16 11 5 1 2 4 0 6 5 3 7
16 7 9 2 3 4 0 6 1 5 7
16 9 7 1 0 2 4 6 3 5 7
16 9 7 3 0 2 4 1 6 5 7
16 9 7 3 6 2 4 1 5 0 7
16 12 4 1 2 0 4 6 5 3 7
16 8 8 2 3 0 4 6 1 5 7
16 10 6 1 3 2 4 6 0 5 7
16 10 6 1 2 0 4 6 3 5 7
16 10 6 3 2 0 4 1 6 5 7
16 10 6 0 3 2 4 1 6 5 7
16 10 6 3 6 2 4 1 5 7 0
16 13 3 1 2 3 4 6 5 0 7
16 9 7 2 0 3 4 6 1 5 7
16 11 5 1 3 2 4 6 5 0 7
16 11 5 1 3 2 4 0 6 5 7
16 14 2 1 2 3 4 6 5 7 0
16 10 6 2 1 3 4 6 0 5 7
16 10 6 0 2 3 4 6 1 5 7
16 12 4 1 3 2 4 6 5 7 0
16 11 5 2 1 3 4 6 5 0 7
16 11 5 2 1 3 4 0 6 5 7
16 12 4 2 1 3 4 6 5 7 0
17 4 13 6 2 4 0 7 3 1 5
17 5 12 6 2 0 7 3 1 5 4
17 5 12 0 2 4 7 3 1 5 6
17 4 13 7 2 4 0 6 3 1 5
17 5 12 3 2 4 7 6 0 1 5
17 5 12 0 2 4 6 3 1 5 7
17 5 12 6 2 0 7 5 3 4 1
17 9 8 6 2 0 1 5 3 7 4
17 6 11 5 2 4 7 6 3 0 1
17 6 11 6 0 4 7 5 2 3 1
17 6 11 6 2 4 7 0 5 3 1
17 8 9 6 3 2 4 0 5 1 7
17 8 9 5 6 2 4 0 3 1 7
17 10 7 6 1 4 0 5 2 3 7
17 10 7 5 6 1 4 0 2 3 7
17 10 7 2 0 1 4 6 5 3 7
17 6 11 2 0 4 7 6 1 5 3
17 6 11 6 0 4 7 1 2 5 3
17 8 9 2 0 4 3 6 1 5 7
17 8 9 6 0 4 3 1 2 5 7
17 9 8 6 3 0 4 5 1 2 7
17 11 6 6 1 3 4 5 0 2 7
17 7 10 6 2 0 7 1 5 4 3
17 8 9 5 0 2 4 6 3 1 7
17 9 8 6 2 0 3 1 5 4 7
17 10 7 6 3 2 0 5 1 7 4
17 12 5 6 1 3 0 5 2 7 4
17 10 7 6 2 4 0 1 5 7 3
17 10 7 5 2 1 0 6 3 7 4
17 10 7 6 0 2 4 1 5 3 7
17 11 6 6 2 3 4 1 0 5 7
17 12 5 6 2 3 0 1 5 7 4
17 5 12 5 6 4 7 3 2 1 0
17 6 11 6 2 7 4 3 1 0 5
17 6 11 6 2 7 3 0 1 4 5
16 8 8 6 2 7 3 5 1 4 0
16 9 7 6 2 7 3 5 1 0 4
16 10 6 6 2 0 3 5 1 7 4
16 11 5 6 2 3 0 5 1 7 4
16 12 4 6 2 3 4 5 1 7 0
17 8 9 6 2 5 4 0 1 7 3
17 9 8 1 6 2 4 3 0 5 7
17 6 11 3 6 4 7 5 2 0 1
17 8 9 3 0 6 4 5 2 1 7
17 9 8 3 6 1 4 5 0 2 7
17 10 7 3 6 1 0 5 2 7 4
17 8 9 2 3 4 7 5 6 0 1
17 11 6 2 3 1 4 5 0 6 7
17 11 6 2 6 3 4 5 0 1 7
17 12 5 2 3 1 0 5 6 7 4
17 12 5 5 2 3 4 0 6 1 7
17 10 7 6 1 2 4 0 5 7 3
17 5 12 6 2 0 4 7 3 1 5
17 6 11 6 2 7 0 3 1 5 4
17 6 11 3 2 4 7 0 1 5 6
17 5 12 7 2 0 4 6 3 1 5
17 6 11 3 2 4 7 6 1 0 5
17 6 11 3 2 4 7 0 6 1 5
16 8 8 3 2 4 7 5 6 1 0
16 9 7 3 2 4 0 5 6 1 7
16 10 6 3 2 0 4 5 6 1 7
16 11 5 3 2 1 4 5 6 0 7
16 12 4 3 2 1 4 5 6 7 0
17 6 11 3 2 4 6 0 1 5 7
17 6 11 6 2 7 0 5 3 4 1
17 7 10 5 2 4 7 6 0 3 1
17 7 10 0 6 4 7 5 2 3 1
16 10 6 1 6 4 7 5 2 3 0
16 11 5 1 6 4 0 5 2 3 7
16 12 4 1 6 0 4 5 2 3 7
16 13 3 1 6 3 4 5 2 0 7
16 14 2 1 6 3 4 5 2 7 0
17 9 8 0 3 2 4 6 5 1 7
17 7 10 2 1 4 7 6 0 5 3
17 7 10 0 6 4 7 1 2 5 3
17 9 8 2 1 4 3 6 0 5 7
17 9 8 0 6 4 3 1 2 5 7
17 10 7 6 0 3 4 5 1 2 7
17 8 9 6 2 7 0 1 5 4 3
17 9 8 5 3 2 4 6 0 1 7
17 10 7 6 2 3 0 1 5 4 7
17 11 6 0 6 2 4 1 5 3 7
17 6 11 5 6 4 0 3 2 1 7
17 7 10 6 2 7 4 3 1 5 0
17 7 10 0 2 7 3 6 1 4 5
17 7 10 6 2 7 3 1 0 4 5
17 9 8 0 2 5 4 6 1 7 3
17 9 8 6 2 5 4 1 0 7 3
17 10 7 1 6 2 4 3 5 0 7
17 10 7 1 6 2 4 0 3 5 7
17 9 8 3 2 6 4 5 0 1 7
17 9 8 0 3 6 4 5 2 1 7
17 10 7 3 0 1 4 5 6 2 7
17 12 5 2 6 3 4 5 1 0 7
17 11 6 0 1 2 4 6 5 7 3
17 11 6 6 1 2 4 5 0 7 3
17 6 11 6 2 1 4 7 3 0 5
17 7 10 3 2 4 7 1 0 5 6
17 6 11 7 2 1 4 6 3 0 5
17 11 6 0 2 4 3 5 6 1 7
17 7 10 3 2 4 6 1 0 5 7
17 7 10 6 2 7 1 5 3 4 0
17 8 9 5 2 4 7 0 6 3 1
16 10 6 5 2 4 7 1 6 3 0
16 11 5 5 2 4 0 1 6 3 7
16 12 4 5 2 0 4 1 6 3 7
16 13 3 5 2 3 4 1 6 0 7
16 14 2 5 2 3 4 1 6 7 0
17 8 9 2 1 4 7 6 5 0 3
17 8 9 2 1 4 7 0 6 5 3
17 8 9 1 6 4 7 0 2 5 3
17 10 7 2 1 4 3 6 5 0 7
17 10 7 2 1 4 3 0 6 5 7
17 10 7 1 6 4 3 0 2 5 7
17 11 6 0 6 3 4 5 1 2 7
17 9 8 6 2 7 3 1 5 4 0
17 10 7 5 3 2 4 6 1 0 7
17 10 7 5 3 2 4 0 6 1 7
17 12 5 1 6 2 4 0 5 3 7
17 7 10 5 6 0 4 3 2 1 7
17 11 6 1 6 2 4 3 5 7 0
17 10 7 3 2 6 4 5 1 0 7
17 11 6 3 1 0 4 5 6 2 7
17 11 6 0 3 1 4 5 6 2 7
17 13 4 2 6 3 4 5 1 7 0
17 12 5 1 0 2 4 6 5 7 3
17 7 10 6 2 1 4 7 3 5 0
17 7 10 6 2 1 4 7 0 3 5
17 8 9 3 2 4 7 1 5 0 6
17 7 10 7 2 1 4 6 3 5 0
17 7 10 7 2 1 4 6 0 3 5
17 8 9 3 2 4 6 1 5 0 7
17 9 8 0 2 4 7 5 6 3 1
16 12 4 1 2 4 7 5 6 3 0
16 13 3 1 2 4 0 5 6 3 7
16 14 2 1 2 0 4 5 6 3 7
16 15 1 1 2 3 4 5 6 0 7
16 16 0 1 2 3 4 5 6 7 0
