16 0 16 4 2 6 5 3 7 1 0
16 1 15 4 2 6 0 3 7 1 5
15 3 12 0 2 6 4 3 7 1 5
15 4 11 3 2 6 4 0 7 1 5
14 6 8 3 2 6 4 5 7 1 0
16 6 10 5 2 6 4 3 7 1 0
16 7 9 3 2 6 0 5 7 1 4
16 7 9 3 2 6 4 5 7 0 1
16 8 8 3 2 0 4 5 7 6 1
16 8 8 3 2 6 4 5 0 7 1
17 2 15 4 2 6 5 0 7 1 3
16 5 11 4 2 6 0 5 7 1 3
16 6 10 4 2 6 3 5 7 1 0
17 3 14 0 2 6 5 3 7 1 4
17 4 13 4 2 6 3 0 7 1 5
17 4 13 2 0 6 4 3 7 1 5
17 5 12 3 2 6 4 7 0 1 5
17 9 8 3 2 0 4 5 7 1 6
17 9 8 0 2 6 4 5 7 1 3
17 8 9 5 2 6 4 0 7 1 3
17 9 8 0 2 6 3 5 7 1 4
17 5 12 2 6 0 4 3 7 1 5
17 6 11 3 2 6 4 7 1 0 5
17 10 7 3 2 1 4 5 7 0 6
17 6 11 2 6 1 4 3 7 0 5
17 7 10 3 2 0 4 7 1 6 5
17 7 10 3 2 6 4 7 1 5 0
17 11 6 3 2 1 4 5 7 6 0
17 11 6 3 2 1 4 5 0 7 6
17 7 10 2 6 1 4 3 7 5 0
17 7 10 2 6 1 4 3 0 7 5
17 8 9 2 0 1 4 3 6 7 5
17 8 9 2 6 1 4 0 3 7 5
16 10 6 2 6 1 4 5 3 7 0
17 9 8 2 1 0 4 3 6 7 5
17 9 8 0 2 1 4 3 6 7 5
17 10 7 3 2 1 4 0 6 7 5
16 12 4 3 2 1 4 5 6 7 0
18 1 17 4 2 6 5 3 7 0 1
18 2 16 4 2 0 6 3 7 1 5
18 7 11 5 2 6 0 3 7 1 4
18 7 11 5 2 6 4 3 7 0 1
18 8 10 3 2 0 6 5 7 1 4
18 9 9 3 2 4 0 5 7 6 1
18 9 9 3 0 2 4 5 7 6 1
18 9 9 3 0 6 4 5 2 7 1
18 9 9 3 2 6 4 0 5 7 1
17 11 6 3 2 6 4 1 5 7 0
18 6 12 4 2 0 6 5 7 1 3
18 7 11 4 2 6 3 5 7 0 1
18 9 9 3 2 6 4 0 1 5 7
18 9 9 2 6 1 4 0 7 5 3
18 11 7 2 6 1 0 5 3 7 4
18 11 7 2 6 1 4 5 3 0 7
18 12 6 5 2 1 4 3 6 7 0
18 13 5 3 2 1 0 5 6 7 4
18 13 5 3 2 1 4 5 6 0 7
18 2 16 4 2 0 5 3 7 6 1
18 2 16 4 2 6 5 3 0 7 1
18 3 15 4 2 1 6 3 7 0 5
18 8 10 5 2 0 4 3 7 6 1
18 8 10 5 2 6 4 3 0 7 1
18 9 9 3 2 1 6 5 7 0 4
18 10 8 3 2 4 1 5 7 6 0
18 10 8 0 3 2 4 5 7 6 1
17 13 4 1 3 2 4 5 7 6 0
18 10 8 3 6 0 4 5 2 7 1
18 10 8 0 3 6 4 5 2 7 1
17 13 4 1 3 6 4 5 2 7 0
18 7 11 4 2 1 6 5 7 0 3
18 8 10 4 2 0 3 5 7 6 1
18 8 10 4 2 6 3 5 0 7 1
18 10 8 3 2 6 4 1 0 5 7
18 12 6 2 6 1 4 5 0 3 7
18 3 15 4 2 5 0 3 7 6 1
17 5 12 0 2 5 4 3 7 6 1
16 8 8 1 2 5 4 3 7 6 0
17 6 11 3 2 5 4 0 7 6 1
16 8 8 3 2 5 4 1 7 6 0
17 10 7 1 2 5 4 0 7 6 3
18 3 15 4 2 6 5 0 3 7 1
17 5 12 4 2 6 5 1 3 7 0
17 6 11 4 2 6 0 5 3 7 1
16 8 8 0 2 6 4 5 3 7 1
15 11 4 1 2 6 4 5 3 7 0
17 6 11 4 2 6 0 1 3 7 5
16 8 8 0 2 6 4 1 3 7 5
17 7 10 4 2 6 1 5 3 7 0
17 12 5 1 2 6 0 5 3 7 4
17 12 5 1 2 6 4 5 3 0 7
17 11 6 5 2 6 4 1 3 7 0
17 13 4 1 2 0 4 5 3 6 7
17 13 4 1 2 6 4 5 0 3 7
18 4 14 4 2 1 6 3 7 5 0
18 4 14 4 2 1 6 3 0 7 5
18 9 9 5 2 6 4 0 3 7 1
18 10 8 3 2 1 6 5 0 7 4
18 8 10 4 2 1 6 5 7 3 0
18 8 10 4 2 1 6 5 0 7 3
18 9 9 4 2 3 0 5 7 6 1
17 11 6 0 2 3 4 5 7 6 1
16 14 2 1 2 3 4 5 7 6 0
18 13 5 2 0 1 4 5 6 3 7
18 4 14 4 2 5 1 3 7 6 0
18 9 9 1 2 5 0 3 7 6 4
18 9 9 1 2 5 4 3 7 0 6
18 9 9 3 2 5 0 1 7 6 4
18 9 9 3 2 5 4 1 7 0 6
18 8 10 0 2 6 5 1 3 7 4
18 9 9 2 0 6 4 5 3 7 1
18 14 4 1 2 0 4 5 3 7 6
18 9 9 2 0 6 4 1 3 7 5
18 10 8 0 2 6 1 5 3 7 4
18 5 13 4 2 1 0 3 7 5 6
17 7 10 0 2 1 4 3 7 5 6
17 8 9 3 2 1 4 0 7 5 6
18 5 13 4 2 1 6 0 3 7 5
17 7 10 4 2 1 6 5 3 7 0
17 8 9 4 2 1 0 5 3 7 6
16 10 6 0 2 1 4 5 3 7 6
18 9 9 4 2 1 0 5 7 3 6
17 11 6 0 2 1 4 5 7 3 6
18 10 8 4 2 3 1 5 7 6 0
18 15 3 1 2 3 0 5 7 6 4
18 15 3 1 2 3 4 5 7 0 6
18 14 4 2 1 0 4 5 6 3 7
18 14 4 0 2 1 4 5 6 3 7
18 10 8 1 2 0 4 3 7 5 6
18 10 8 1 2 5 4 3 0 7 6
18 10 8 3 2 0 4 1 7 5 6
18 10 8 3 2 5 4 1 0 7 6
18 10 8 2 3 6 4 1 0 7 5
18 10 8 2 6 0 4 1 3 7 5
18 10 8 3 2 1 4 6 7 5 0
18 10 8 0 2 1 6 5 3 7 4
18 11 7 5 2 1 4 0 3 7 6
18 11 7 2 0 1 4 5 3 7 6
18 16 2 1 2 3 4 5 0 7 6
18 15 3 2 1 3 4 5 6 0 7
18 11 7 1 2 5 4 0 3 7 6
18 12 6 2 3 1 4 5 0 7 6
18 12 6 2 1 0 4 5 3 7 6
18 16 2 2 1 3 4 5 6 7 0
19 3 16 4 2 0 5 3 7 1 6
19 4 15 4 2 6 1 3 7 0 5
19 9 10 5 2 0 4 3 7 1 6
19 10 9 3 2 6 1 5 7 0 4
19 3 16 0 2 6 5 4 7 1 3
19 3 16 4 2 6 5 7 0 1 3
19 8 11 4 2 6 1 5 7 0 3
19 9 10 4 2 0 3 5 7 1 6
19 4 15 2 0 6 5 3 7 1 4
19 5 14 0 2 6 3 4 7 1 5
19 5 14 4 2 6 3 7 0 1 5
19 5 14 2 7 6 4 3 0 1 5
19 6 13 3 0 6 4 7 2 1 5
19 10 9 3 2 4 0 5 7 1 6
19 10 9 3 0 2 4 5 7 1 6
19 10 9 2 0 6 4 5 7 1 3
19 9 10 5 2 6 4 7 0 1 3
19 10 9 5 2 6 3 0 7 1 4
19 10 9 2 0 6 3 5 7 1 4
19 6 13 2 6 4 0 3 7 1 5
19 8 11 3 2 4 0 7 1 6 5
19 8 11 3 0 2 4 7 1 6 5
19 8 11 3 2 6 0 7 1 5 4
19 12 7 3 2 1 0 5 7 6 4
19 12 7 3 0 1 4 5 2 7 6
19 12 7 3 2 1 4 0 5 7 6
19 8 11 2 6 1 0 3 7 5 4
19 9 10 0 6 1 4 2 3 7 5
19 10 9 2 1 7 4 3 6 0 5
19 10 9 2 1 4 0 3 6 7 5
19 11 8 3 2 1 4 6 0 7 5
19 15 4 0 2 1 4 5 6 7 3
19 11 8 0 2 4 3 5 7 6 1
18 14 4 1 2 4 3 5 7 6 0
19 12 7 3 2 6 0 1 5 7 4
19 12 7 3 2 6 4 1 5 0 7
19 14 5 5 2 1 4 0 6 7 3
19 15 4 0 2 1 3 5 6 7 4
19 14 5 1 3 2 0 5 7 6 4
19 14 5 1 3 2 4 5 7 0 6
19 14 5 1 3 6 0 5 2 7 4
19 14 5 1 3 6 4 5 2 0 7
19 6 13 4 2 5 3 0 7 6 1
18 8 10 4 2 5 3 1 7 6 0
19 6 13 2 0 5 4 3 7 6 1
19 11 8 1 2 0 4 3 7 6 5
19 7 12 3 2 5 4 7 0 6 1
19 11 8 3 2 0 4 1 7 6 5
19 11 8 0 2 5 4 1 7 6 3
19 11 8 1 2 5 4 7 0 6 3
19 6 13 4 2 6 5 1 3 0 7
19 7 12 4 2 0 6 5 3 7 1
19 7 12 4 2 0 6 1 3 7 5
19 11 8 3 2 6 4 1 0 7 5
19 8 11 4 2 6 1 5 3 0 7
19 13 6 1 2 0 6 5 3 7 4
19 12 7 5 2 6 0 1 3 7 4
19 12 7 5 2 6 4 1 3 0 7
19 14 5 1 2 4 0 5 3 6 7
19 14 5 1 0 2 4 5 3 6 7
19 14 5 1 0 6 4 5 2 3 7
19 14 5 1 2 6 4 0 5 3 7
19 6 13 4 2 1 6 0 7 5 3
19 7 12 0 2 1 6 3 7 5 4
19 11 8 0 2 1 6 5 7 3 4
19 12 7 5 2 3 4 0 7 6 1
18 14 4 5 2 3 4 1 7 6 0
19 12 7 2 0 3 4 5 7 6 1
19 6 13 4 2 5 1 0 7 6 3
19 7 12 0 2 5 1 3 7 6 4
19 12 7 1 2 5 3 0 7 6 4
19 11 8 0 2 5 3 1 7 6 4
19 8 11 4 2 1 3 0 7 5 6
19 8 11 2 0 1 4 3 7 5 6
19 9 10 3 2 1 4 7 0 5 6
19 8 11 4 2 1 0 6 3 7 5
18 10 8 0 2 1 4 6 3 7 5
19 8 11 4 2 1 6 5 3 0 7
19 13 6 6 2 1 4 5 3 7 0
19 12 7 5 2 1 4 0 7 3 6
19 12 7 2 0 1 4 5 7 3 6
19 13 6 0 2 3 1 5 7 6 4
19 12 7 6 2 1 0 5 3 7 4
19 13 6 5 2 1 4 6 3 7 0
19 13 6 1 2 5 4 6 3 7 0
19 4 15 4 2 5 0 3 7 1 6
18 6 12 0 2 5 4 3 7 1 6
18 7 11 3 2 5 4 0 7 1 6
19 5 14 4 2 6 1 3 7 5 0
19 5 14 4 2 6 1 3 0 7 5
19 10 9 5 2 1 4 3 7 0 6
19 4 15 4 2 6 5 7 1 0 3
19 9 10 4 2 6 1 5 7 3 0
19 9 10 4 2 6 1 5 0 7 3
19 10 9 4 2 3 0 5 7 1 6
18 12 6 0 2 3 4 5 7 1 6
19 5 14 2 6 0 5 3 7 1 4
19 6 13 4 2 6 3 7 1 0 5
19 6 13 2 7 6 4 3 1 0 5
19 6 13 2 7 6 4 0 3 1 5
18 8 10 2 7 6 4 5 3 1 0
19 7 12 3 6 0 4 7 2 1 5
19 7 12 0 3 6 4 7 2 1 5
19 11 8 0 3 2 4 5 7 1 6
19 11 8 2 6 0 4 5 7 1 3
19 10 9 5 2 6 4 7 1 0 3
19 11 8 2 6 0 3 5 7 1 4
19 9 10 3 1 2 4 7 0 6 5
19 9 10 0 3 2 4 7 1 6 5
19 13 6 3 1 0 4 5 2 7 6
19 13 6 0 3 1 4 5 2 7 6
19 11 8 2 1 7 4 3 6 5 0
19 13 6 3 2 0 4 1 5 6 7
19 15 4 1 3 2 4 5 0 7 6
19 15 4 1 3 0 4 5 2 6 7
19 7 12 2 5 0 4 3 7 6 1
19 8 11 3 2 5 4 7 6 0 1
19 12 7 1 2 5 4 7 6 0 3
19 7 12 4 2 0 5 1 3 6 7
19 7 12 4 2 6 5 1 0 3 7
19 9 10 4 2 0 1 5 3 6 7
19 9 10 4 2 6 1 5 0 3 7
19 13 6 5 2 0 4 1 3 6 7
19 13 6 5 2 6 4 1 0 3 7
19 15 4 1 3 2 4 5 0 6 7
19 15 4 1 6 0 4 5 2 3 7
19 8 11 3 2 1 6 0 7 5 4
19 9 10 2 1 0 4 3 7 5 6
19 10 9 3 2 1 4 7 5 0 6
19 9 10 4 2 1 6 5 0 3 7
19 13 6 2 1 0 4 5 7 3 6
19 9 10 3 2 5 4 6 7 1 0
19 11 8 5 2 1 4 3 7 6 0
19 5 14 4 2 0 5 7 1 6 3
19 5 14 4 2 6 5 7 1 3 0
19 6 13 2 6 5 0 3 7 1 4
19 7 12 4 2 0 3 7 1 6 5
19 7 12 4 2 6 3 7 1 5 0
19 7 12 2 7 0 4 3 1 6 5
19 7 12 2 7 6 4 3 1 5 0
19 8 11 3 6 1 4 7 2 0 5
19 12 7 2 6 1 4 5 7 0 3
19 11 8 5 2 0 4 7 1 6 3
19 11 8 5 2 6 4 7 1 3 0
19 12 7 2 6 1 3 5 7 0 4
19 12 7 2 6 3 0 5 7 1 4
19 10 9 3 1 2 4 7 6 0 5
19 10 9 3 1 2 4 0 7 6 5
18 12 6 3 1 2 4 5 7 6 0
19 16 3 1 0 3 4 5 2 6 7
19 9 10 3 2 0 4 7 6 5 1
19 9 10 3 2 5 4 7 6 1 0
19 13 6 1 2 0 4 7 6 5 3
19 13 6 1 2 5 4 7 6 3 0
19 8 11 4 2 5 0 1 3 6 7
18 10 8 0 2 5 4 1 3 6 7
18 11 7 1 2 5 4 0 3 6 7
19 10 9 4 2 1 0 5 3 6 7
18 12 6 0 2 1 4 5 3 6 7
19 16 3 1 3 2 4 5 6 0 7
19 16 3 1 6 3 4 5 2 0 7
19 11 8 3 2 1 4 7 5 6 0
19 14 5 2 1 3 4 5 7 0 6
19 6 13 4 2 5 0 7 1 6 3
18 8 10 0 2 5 4 7 1 6 3
19 6 13 4 2 6 0 7 1 3 5
19 7 12 2 6 5 4 3 7 1 0
19 8 11 4 2 3 0 7 1 6 5
18 10 8 0 2 3 4 7 1 6 5
19 8 11 2 0 7 4 3 1 6 5
19 9 10 3 6 1 4 7 2 5 0
19 13 6 2 6 1 4 5 7 3 0
19 13 6 2 6 1 4 5 0 7 3
19 13 6 2 6 1 3 5 0 7 4
19 13 6 2 6 3 4 5 7 1 0
19 11 8 3 1 2 4 7 6 5 0
19 17 2 1 2 3 4 5 0 6 7
19 17 2 1 3 2 4 5 6 7 0
19 17 2 1 6 3 4 5 2 7 0
19 15 4 2 1 3 4 5 7 6 0
19 15 4 2 1 3 4 5 0 7 6
19 7 12 4 2 5 3 7 1 6 0
19 13 6 1 2 3 4 7 0 6 5
19 13 6 5 2 3 4 7 1 6 0
19 9 10 0 2 7 4 3 1 6 5
19 18 1 1 2 3 4 5 6 0 7
19 14 5 1 2 3 4 7 6 0 5
19 10 9 3 2 7 4 0 1 6 5
18 12 6 3 2 7 4 5 1 6 0
19 19 0 1 2 3 4 5 6 7 0
