11 0 11 4 5 3 0 6 2 1 7
10 2 8 0 5 3 4 6 2 1 7
10 3 7 5 0 3 4 6 2 1 7
10 4 6 5 2 3 4 6 0 1 7
10 5 5 5 2 3 4 6 1 0 7
10 5 5 5 2 3 4 0 6 1 7
10 6 4 5 2 3 4 6 1 7 0
10 6 4 0 2 3 4 5 6 1 7
12 3 9 6 5 3 4 0 2 1 7
12 4 8 5 3 0 4 6 2 1 7
12 6 6 5 2 0 4 6 1 3 7
12 7 5 5 2 3 0 6 1 7 4
12 7 5 2 0 3 4 5 6 1 7
12 5 7 5 3 1 4 6 2 0 7
12 6 6 5 3 1 4 6 2 7 0
13 1 12 4 5 3 7 6 2 1 0
13 1 12 4 5 0 3 6 2 1 7
13 5 8 2 5 3 4 6 0 1 7
13 7 6 5 2 3 4 7 6 1 0
13 8 5 5 2 3 4 0 1 7 6
13 6 7 6 0 3 4 5 2 1 7
13 2 11 4 5 1 3 6 2 0 7
13 6 7 2 0 3 4 6 5 1 7
13 6 7 2 5 3 4 6 1 0 7
13 6 7 2 5 3 4 0 6 1 7
13 9 4 0 2 3 4 5 1 7 6
13 9 4 5 2 3 4 1 0 7 6
13 7 6 0 6 3 4 5 2 1 7
13 3 10 4 5 1 3 6 2 7 0
13 7 6 0 2 3 4 6 5 1 7
13 7 6 2 5 3 4 6 1 7 0
14 3 11 4 5 3 1 6 2 0 7
14 4 10 6 5 3 4 2 0 1 7
14 5 9 5 3 4 0 6 2 1 7
14 7 7 5 2 4 0 6 1 3 7
14 7 7 5 0 2 4 6 1 3 7
14 8 6 5 2 0 3 6 1 7 4
14 8 6 2 6 3 4 5 0 1 7
14 8 6 2 3 0 4 5 6 1 7
14 6 8 5 3 1 4 6 0 2 7
14 7 7 5 3 1 0 6 2 7 4
14 4 10 0 5 3 7 6 2 1 4
14 12 2 1 2 3 4 5 0 7 6
14 6 8 0 5 1 3 6 2 7 4
14 4 10 4 5 3 1 6 2 7 0
14 5 9 6 0 3 4 2 5 1 7
14 5 9 6 5 3 4 2 1 0 7
14 8 6 5 1 2 4 6 0 3 7
14 9 5 2 6 3 4 5 1 0 7
14 9 5 2 3 1 4 5 6 0 7
14 7 7 5 3 1 4 0 6 2 7
14 5 9 5 0 3 7 6 2 1 4
14 7 7 5 0 1 3 6 2 7 4
14 6 8 0 6 3 4 2 5 1 7
14 6 8 6 5 3 4 2 1 7 0
14 9 5 5 1 2 4 0 6 3 7
14 10 4 2 6 3 4 5 1 7 0
14 10 4 2 3 1 4 5 6 7 0
14 8 6 0 3 1 4 5 6 2 7
14 6 8 5 2 3 7 6 0 1 4
14 8 6 5 2 1 3 6 0 7 4
14 8 6 5 1 0 3 6 2 7 4
14 10 4 0 1 2 4 5 6 3 7
14 7 7 5 2 3 7 0 6 1 4
14 9 5 5 2 1 3 0 6 7 4
14 9 5 5 1 3 0 6 2 7 4
14 11 3 1 0 2 4 5 6 3 7
14 8 6 0 2 3 7 5 6 1 4
14 10 4 0 2 1 3 5 6 7 4
14 10 4 5 1 3 4 6 2 7 0
14 12 2 1 2 0 4 5 6 3 7
14 13 1 1 2 3 4 5 6 0 7
14 14 0 1 2 3 4 5 6 7 0
