13 0 13 6 1 3 2 4 7 0 5
13 1 12 6 1 3 2 4 7 5 0
12 3 9 6 1 3 2 0 7 5 4
12 4 8 0 1 3 2 6 7 5 4
12 5 7 1 0 3 2 6 7 5 4
13 1 12 6 1 3 2 4 0 7 5
13 6 7 2 1 3 0 6 7 5 4
13 2 11 6 1 3 2 0 4 7 5
12 4 8 6 1 3 2 5 4 7 0
13 7 6 2 1 3 4 6 7 5 0
13 3 10 0 1 3 2 6 4 7 5
13 4 9 1 0 3 2 6 4 7 5
13 5 8 1 4 3 2 6 0 7 5
13 6 7 1 4 3 2 0 6 7 5
12 8 4 1 4 3 2 5 6 7 0
14 4 10 6 1 3 2 7 0 5 4
14 6 8 1 7 3 2 6 0 5 4
14 6 8 1 3 0 2 6 7 5 4
14 5 9 6 1 3 0 5 4 7 2
14 5 9 6 1 3 2 5 4 0 7
14 5 9 2 1 3 0 6 4 7 5
14 6 8 5 1 3 2 6 4 7 0
14 9 5 1 4 3 0 5 6 7 2
14 9 5 1 4 3 2 5 6 0 7
14 5 9 6 1 3 2 7 5 0 4
14 7 7 1 7 3 2 6 5 0 4
14 7 7 1 7 3 2 0 6 5 4
14 7 7 1 3 2 0 6 7 5 4
14 6 8 6 1 3 2 5 0 4 7
14 8 6 1 3 2 4 6 7 5 0
15 1 14 6 1 0 2 4 7 3 5
15 2 13 6 1 3 0 4 7 5 2
14 5 9 6 1 3 4 0 7 5 2
15 6 9 6 0 3 2 1 7 5 4
15 6 9 6 1 3 0 2 7 5 4
15 2 13 6 0 3 2 4 1 7 5
15 7 8 2 1 0 3 6 7 5 4
15 7 8 0 1 3 2 5 4 7 6
15 8 7 2 1 3 4 6 7 0 5
15 5 10 1 3 0 2 6 4 7 5
15 6 9 1 4 3 2 6 7 0 5
15 7 8 0 4 3 2 1 6 7 5
15 2 13 6 1 2 0 4 7 3 5
14 5 9 6 1 2 4 0 7 3 5
13 7 6 6 1 2 4 5 7 3 0
14 6 8 0 1 2 4 6 7 3 5
14 7 7 1 0 2 4 6 7 3 5
14 8 6 1 2 0 4 6 7 3 5
14 9 5 1 2 3 4 6 7 0 5
14 10 4 1 2 3 4 6 7 5 0
14 10 4 1 2 3 4 6 0 7 5
14 11 3 1 2 3 4 0 6 7 5
13 13 0 1 2 3 4 5 6 7 0
