16 0 16 0 5 3 6 4 7 1 2
16 1 15 4 5 3 6 0 7 1 2
16 1 15 5 0 3 6 4 7 1 2
17 2 15 6 5 3 0 4 7 1 2
16 5 11 6 5 3 4 0 7 1 2
16 6 10 0 5 3 4 6 7 1 2
16 7 9 5 0 3 4 6 7 1 2
17 3 14 2 5 3 6 4 7 1 0
16 5 11 2 5 3 6 0 7 1 4
17 3 14 4 5 3 6 2 7 1 0
17 4 13 4 0 3 6 5 7 1 2
17 4 13 4 5 3 0 6 7 1 2
17 3 14 6 5 3 2 4 7 1 0
16 5 11 6 5 3 2 0 7 1 4
16 6 10 0 5 3 2 6 7 1 4
16 7 9 5 0 3 2 6 7 1 4
17 7 10 6 5 3 4 2 7 1 0
17 8 9 6 0 3 4 5 7 1 2
17 9 8 2 5 3 4 6 7 1 0
17 4 13 2 5 3 0 4 7 1 6
17 8 9 2 0 3 6 5 7 1 4
17 8 9 2 5 3 0 6 7 1 4
17 4 13 4 5 3 0 2 7 1 6
17 5 12 0 4 3 6 5 7 1 2
17 5 12 4 5 3 2 6 7 1 0
17 8 9 6 0 3 2 5 7 1 4
17 9 8 0 6 3 4 5 7 1 2
17 9 8 0 2 3 6 5 7 1 4
17 9 8 0 6 3 2 5 7 1 4
18 2 16 4 5 3 6 7 0 1 2
18 2 16 5 7 3 6 4 0 1 2
18 2 16 5 3 0 6 4 7 1 2
18 6 12 6 5 3 4 7 0 1 2
18 8 10 5 7 3 4 6 0 1 2
18 8 10 5 3 0 4 6 7 1 2
18 6 12 0 5 3 6 2 7 1 4
18 6 12 2 5 3 6 7 0 1 4
18 6 12 6 5 3 2 7 0 1 4
18 8 10 5 7 3 2 6 0 1 4
18 8 10 5 3 0 2 6 7 1 4
18 7 11 6 4 3 0 5 7 1 2
18 8 10 2 4 3 6 5 7 1 0
18 12 6 2 6 3 4 5 7 1 0
18 11 7 6 2 3 0 5 7 1 4
18 11 7 2 6 3 0 5 7 1 4
18 3 15 4 0 3 6 7 5 1 2
18 3 15 4 5 3 6 7 1 0 2
18 3 15 5 7 3 6 4 1 0 2
18 3 15 5 7 3 6 0 4 1 2
18 3 15 5 3 1 6 4 7 0 2
18 3 15 5 3 6 0 4 7 1 2
17 6 11 5 3 6 4 0 7 1 2
17 7 10 0 3 6 4 5 7 1 2
18 7 11 6 0 3 4 7 5 1 2
18 7 11 6 5 3 4 7 1 0 2
18 9 9 5 7 3 4 6 1 0 2
18 9 9 5 7 3 4 0 6 1 2
18 9 9 5 3 1 4 6 7 0 2
18 7 11 5 0 3 6 2 7 1 4
18 7 11 2 0 3 6 7 5 1 4
18 7 11 2 5 3 6 7 1 0 4
18 7 11 6 0 3 2 7 5 1 4
18 7 11 6 5 3 2 7 1 0 4
18 9 9 5 7 3 2 6 1 0 4
18 9 9 5 7 3 2 0 6 1 4
18 9 9 5 3 1 2 6 7 0 4
18 9 9 5 3 2 0 6 7 1 4
18 8 10 6 4 3 2 5 7 1 0
18 9 9 2 4 3 0 5 7 1 6
18 12 6 6 2 3 4 5 7 1 0
18 4 14 0 4 3 6 7 5 1 2
18 4 14 4 5 3 6 7 1 2 0
18 4 14 5 7 3 6 4 1 2 0
17 6 11 5 7 3 6 0 1 2 4
17 7 10 0 7 3 6 5 1 2 4
17 7 10 5 7 3 6 1 0 2 4
17 8 9 5 0 3 6 1 7 2 4
17 8 9 5 7 3 6 1 2 0 4
18 4 14 0 7 3 6 5 4 1 2
18 4 14 5 3 1 6 4 7 2 0
17 6 11 5 3 1 6 0 7 2 4
17 7 10 0 3 1 6 5 7 2 4
18 4 14 5 3 1 6 4 0 7 2
18 4 14 5 3 6 2 4 7 1 0
17 6 11 5 3 6 2 0 7 1 4
17 7 10 0 3 6 2 5 7 1 4
18 8 10 5 3 6 4 2 7 1 0
18 10 8 2 3 6 4 5 7 1 0
18 8 10 0 6 3 4 7 5 1 2
18 8 10 6 5 3 4 7 1 2 0
18 10 8 5 7 3 4 6 1 2 0
18 10 8 0 7 3 4 5 6 1 2
18 10 8 5 3 1 4 6 7 2 0
18 10 8 5 3 1 4 6 0 7 2
18 8 10 0 2 3 6 7 5 1 4
18 8 10 0 6 3 2 7 5 1 4
18 10 8 0 7 3 2 5 6 1 4
18 10 8 5 3 1 2 6 0 7 4
18 10 8 5 3 2 4 6 7 1 0
18 5 13 4 5 3 0 7 1 2 6
18 5 13 5 7 3 0 4 1 2 6
18 9 9 5 7 3 0 6 1 2 4
18 9 9 6 7 3 0 5 1 2 4
18 10 8 1 7 3 6 5 0 2 4
18 5 13 5 3 1 0 4 7 2 6
18 9 9 5 3 1 0 6 7 2 4
18 9 9 6 3 1 0 5 7 2 4
18 5 13 5 3 1 6 0 4 7 2
18 9 9 2 3 6 0 5 7 1 4
18 11 7 5 3 1 4 0 6 7 2
18 11 7 5 3 1 2 0 6 7 4
18 10 8 6 7 3 4 5 1 2 0
18 11 7 1 0 3 6 5 7 2 4
18 11 7 1 7 3 6 5 2 0 4
18 10 8 6 3 1 4 5 7 2 0
18 6 12 0 3 1 6 5 4 7 2
18 12 6 0 3 1 4 5 6 7 2
18 12 6 0 3 1 2 5 6 7 4
19 3 16 6 5 0 3 4 7 1 2
19 4 15 2 5 3 6 4 7 0 1
19 4 15 4 5 3 6 2 7 0 1
19 5 14 4 7 3 6 5 0 1 2
19 5 14 4 3 0 6 5 7 1 2
19 5 14 4 5 0 3 6 7 1 2
19 4 15 6 5 3 2 4 7 0 1
19 8 11 6 5 3 0 2 7 1 4
19 8 11 6 5 3 4 2 7 0 1
19 9 10 6 7 3 4 5 0 1 2
19 9 10 6 3 0 4 5 7 1 2
19 10 9 2 5 3 4 6 7 0 1
19 5 14 2 5 0 3 4 7 1 6
19 9 10 2 7 3 6 5 0 1 4
19 9 10 2 3 0 6 5 7 1 4
19 9 10 2 5 0 3 6 7 1 4
19 5 14 4 5 0 3 2 7 1 6
19 6 13 5 4 3 6 0 7 1 2
19 6 13 4 5 3 2 6 7 0 1
19 9 10 6 7 3 2 5 0 1 4
19 9 10 6 3 0 2 5 7 1 4
19 10 9 5 6 3 4 0 7 1 2
19 10 9 5 2 3 6 0 7 1 4
19 10 9 5 6 3 2 0 7 1 4
19 5 14 5 7 3 6 2 4 1 0
19 6 13 5 7 3 0 6 4 1 2
19 7 12 5 3 6 4 7 0 1 2
19 8 11 3 0 6 4 5 7 1 2
19 11 8 5 7 3 4 2 6 1 0
19 6 13 6 4 3 0 7 5 1 2
19 7 12 2 4 3 6 7 5 1 0
19 6 13 4 5 3 6 0 1 2 7
19 7 12 0 5 3 6 7 1 2 4
19 8 11 7 0 3 6 5 1 2 4
19 9 10 5 3 0 6 1 7 2 4
19 9 10 0 5 3 6 1 7 2 4
19 9 10 5 7 0 6 1 2 3 4
19 9 10 5 7 3 6 1 2 4 0
19 6 13 6 7 3 0 5 4 1 2
19 7 12 2 7 3 6 5 4 1 0
19 7 12 5 3 1 6 7 0 2 4
19 8 11 3 0 1 6 5 7 2 4
19 7 12 5 3 6 2 7 0 1 4
19 8 11 3 0 6 2 5 7 1 4
19 11 8 2 6 3 4 7 5 1 0
19 10 9 6 5 3 4 0 1 2 7
19 13 6 2 7 3 4 5 6 1 0
19 10 9 6 2 3 0 7 5 1 4
19 10 9 2 6 3 0 7 5 1 4
19 12 7 2 7 3 0 5 6 1 4
19 7 12 5 3 1 6 2 4 7 0
19 8 11 5 3 1 0 6 4 7 2
19 13 6 5 3 1 4 2 6 7 0
19 8 11 6 3 1 0 5 4 7 2
19 9 10 2 3 1 6 5 4 7 0
19 15 4 2 3 1 4 5 6 7 0
19 14 5 2 3 1 0 5 6 7 4
19 4 15 6 5 1 3 4 7 0 2
19 5 14 2 5 3 6 4 0 7 1
19 5 14 4 5 3 6 2 0 7 1
19 6 13 4 7 3 6 5 1 0 2
19 6 13 4 3 1 6 5 7 0 2
19 6 13 4 5 1 3 6 7 0 2
19 5 14 6 5 3 2 4 0 7 1
19 9 10 6 5 3 4 2 0 7 1
19 11 8 2 5 3 4 6 0 7 1
19 6 13 2 5 1 3 4 7 0 6
19 10 9 2 7 3 6 5 1 0 4
19 10 9 2 3 1 6 5 7 0 4
19 10 9 2 5 1 3 6 7 0 4
19 6 13 4 5 1 3 2 7 0 6
19 7 12 4 5 3 2 6 0 7 1
19 10 9 6 3 2 0 5 7 1 4
19 6 13 5 7 3 0 2 4 1 6
19 7 12 5 7 3 2 6 4 1 0
19 8 11 5 3 6 4 7 1 0 2
19 9 10 3 6 0 4 5 7 1 2
19 7 12 6 4 3 2 7 5 1 0
19 8 11 2 4 3 0 7 5 1 6
19 7 12 4 5 3 6 1 0 2 7
19 9 10 7 1 3 6 5 0 2 4
19 10 9 5 3 2 6 1 7 0 4
19 10 9 5 3 6 0 1 7 2 4
19 10 9 1 5 3 6 0 7 2 4
19 10 9 5 7 6 0 1 2 3 4
19 10 9 5 0 7 6 1 2 3 4
19 10 9 5 7 3 0 1 2 4 6
19 7 12 6 7 3 2 5 4 1 0
19 8 11 2 7 3 0 5 4 1 6
19 8 11 5 3 1 6 7 2 0 4
19 9 10 3 1 0 6 5 7 2 4
19 8 11 5 3 6 2 7 1 0 4
19 9 10 3 6 0 2 5 7 1 4
19 11 8 0 5 3 4 6 1 2 7
19 11 8 6 5 3 4 1 0 2 7
19 11 8 6 2 3 4 7 5 1 0
19 8 11 5 3 1 0 2 4 7 6
19 9 10 5 3 1 2 6 4 7 0
19 9 10 6 3 1 2 5 4 7 0
19 10 9 2 3 1 0 5 4 7 6
19 5 14 6 5 1 3 4 7 2 0
18 7 11 6 5 1 3 0 7 2 4
18 8 10 0 5 1 3 6 7 2 4
18 9 9 5 0 1 3 6 7 2 4
18 10 8 5 1 0 3 6 7 2 4
18 11 7 5 1 2 3 6 7 0 4
18 11 7 5 1 3 0 6 7 2 4
18 12 6 5 1 2 3 6 0 7 4
18 12 6 5 1 3 4 6 7 2 0
18 13 5 5 1 2 3 0 6 7 4
18 14 4 0 1 2 3 5 6 7 4
18 15 3 1 0 2 3 5 6 7 4
18 16 2 1 2 0 3 5 6 7 4
18 17 1 1 2 3 0 5 6 7 4
18 18 0 1 2 3 4 5 6 7 0
