16 0 16 6 2 5 7 3 4 1 0
16 1 15 6 2 5 0 3 4 1 7
17 2 15 6 2 5 7 0 4 1 3
17 4 13 6 2 5 3 0 4 1 7
17 3 14 0 2 5 7 6 4 1 3
17 5 12 0 2 5 3 6 4 1 7
18 1 17 6 2 5 7 3 4 0 1
18 2 16 6 2 0 5 3 4 1 7
18 2 16 6 2 0 7 3 4 5 1
18 2 16 6 2 5 7 3 0 4 1
18 3 15 6 2 1 5 3 4 0 7
18 3 15 6 2 7 0 3 4 5 1
18 3 15 6 2 5 7 0 3 4 1
17 5 12 6 2 5 7 1 3 4 0
17 6 11 6 2 5 0 1 3 4 7
17 6 11 6 2 5 7 1 3 0 4
17 7 10 6 2 0 7 1 3 5 4
17 7 10 6 2 5 7 1 0 3 4
17 8 9 6 2 7 0 1 3 5 4
17 9 8 6 2 7 4 1 3 5 0
18 4 14 6 2 1 5 3 4 7 0
18 4 14 6 2 1 5 3 0 4 7
18 4 14 6 2 7 1 3 4 5 0
18 4 14 0 2 5 7 6 3 4 1
17 7 10 1 2 5 7 6 3 4 0
17 8 9 1 2 5 0 6 3 4 7
17 8 9 1 2 5 7 6 3 0 4
17 9 8 1 2 0 7 6 3 5 4
17 9 8 1 2 5 7 6 0 3 4
17 10 7 1 2 7 0 6 3 5 4
17 10 7 1 2 5 7 0 6 3 4
17 11 6 1 2 7 4 6 3 5 0
18 9 9 6 2 5 4 1 3 0 7
18 5 13 6 2 1 0 3 4 7 5
18 5 13 6 2 1 5 0 3 4 7
17 8 9 6 2 1 0 5 3 4 7
18 11 7 1 2 5 4 6 3 0 7
18 10 8 6 2 5 4 1 3 7 0
18 10 8 6 2 5 4 1 0 3 7
18 6 12 0 2 1 5 6 3 4 7
17 8 9 5 2 1 0 6 3 4 7
18 11 7 6 2 1 4 5 3 0 7
18 12 6 1 2 5 4 6 3 7 0
18 12 6 1 2 5 4 6 0 3 7
18 11 7 5 2 1 4 6 3 0 7
18 12 6 6 2 1 4 5 3 7 0
18 12 6 6 2 1 4 5 0 3 7
18 13 5 1 2 5 4 0 6 3 7
18 12 6 5 2 1 4 6 3 7 0
18 12 6 5 2 1 4 6 0 3 7
18 13 5 5 2 1 4 0 6 3 7
18 14 4 0 2 1 4 5 6 3 7
19 3 16 6 2 0 7 3 4 1 5
19 3 16 0 2 5 7 3 4 1 6
19 3 16 0 2 5 6 3 4 1 7
19 4 15 6 2 5 1 3 4 0 7
19 3 16 6 2 5 7 4 0 1 3
19 5 14 6 2 5 3 4 0 1 7
19 4 15 2 0 5 7 6 4 1 3
19 6 13 2 0 5 3 6 4 1 7
19 6 13 6 2 7 3 0 4 5 1
18 8 10 6 2 7 3 1 4 5 0
19 7 12 6 2 0 5 1 3 4 7
19 8 11 6 0 2 7 1 3 5 4
19 8 11 6 0 5 7 1 2 3 4
19 8 11 6 2 5 7 0 1 3 4
19 10 9 6 2 7 4 1 3 0 5
19 6 13 6 2 1 5 0 4 7 3
18 9 9 6 2 1 0 5 4 7 3
18 10 8 6 2 1 3 5 4 7 0
19 6 13 6 2 7 1 0 4 5 3
19 9 10 1 2 0 5 6 3 4 7
19 10 9 1 0 2 7 6 3 5 4
19 10 9 1 0 5 7 6 2 3 4
19 11 8 0 2 5 7 1 6 3 4
19 12 7 1 2 7 4 6 3 0 5
19 8 11 6 2 1 3 0 4 7 5
19 9 10 6 2 1 7 5 3 4 0
19 9 10 6 2 0 1 5 3 4 7
19 9 10 5 2 1 7 6 3 4 0
19 9 10 5 2 0 1 6 3 4 7
19 4 15 6 2 7 0 3 4 1 5
19 4 15 3 2 5 7 0 4 1 6
19 4 15 3 2 5 6 0 4 1 7
19 5 14 6 2 5 1 3 4 7 0
19 5 14 6 2 5 1 3 0 4 7
19 4 15 6 2 5 7 4 1 0 3
19 6 13 6 2 5 3 4 1 0 7
19 5 14 2 4 5 7 6 0 1 3
19 5 14 2 5 0 7 6 4 1 3
19 7 12 2 4 5 3 6 0 1 7
19 7 12 2 5 0 3 6 4 1 7
19 7 12 0 2 7 3 6 4 5 1
18 10 8 1 2 7 3 6 4 5 0
19 8 11 6 2 4 5 1 3 0 7
19 9 10 6 3 2 7 1 0 5 4
19 9 10 0 6 2 7 1 3 5 4
19 9 10 6 5 0 7 1 2 3 4
19 9 10 0 6 5 7 1 2 3 4
19 9 10 0 2 5 7 6 1 3 4
19 11 8 6 2 7 4 1 0 3 5
19 7 12 0 2 1 5 6 4 7 3
18 9 9 5 2 1 0 6 4 7 3
18 10 8 5 2 1 3 6 4 7 0
19 7 12 0 2 7 1 6 4 5 3
19 10 9 1 2 4 5 6 3 0 7
19 11 8 1 3 2 7 6 0 5 4
19 11 8 1 5 0 7 6 2 3 4
19 13 6 1 2 7 4 6 0 3 5
19 9 10 0 2 1 3 6 4 7 5
19 10 9 6 2 1 7 5 3 0 4
19 10 9 6 2 4 1 5 3 0 7
19 10 9 5 2 1 7 6 3 0 4
19 10 9 5 2 4 1 6 3 0 7
19 5 14 6 2 0 7 4 1 5 3
19 7 12 6 2 0 3 4 1 5 7
19 7 12 6 2 5 3 4 1 7 0
18 9 9 6 2 5 3 0 1 7 4
18 10 8 0 2 5 3 6 1 7 4
18 10 8 6 2 5 3 1 0 7 4
19 6 13 2 4 5 7 6 1 0 3
19 6 13 2 4 5 7 0 6 1 3
19 6 13 2 5 1 7 6 4 0 3
19 6 13 2 5 7 0 6 4 1 3
19 8 11 2 4 5 3 6 1 0 7
19 8 11 2 4 5 3 0 6 1 7
19 8 11 2 5 1 3 6 4 0 7
19 8 11 2 5 3 0 6 4 1 7
19 9 10 6 2 4 5 1 3 7 0
19 9 10 6 2 4 5 1 0 3 7
19 10 9 6 3 2 7 1 5 0 4
19 10 9 1 6 2 7 0 3 5 4
19 10 9 6 5 3 7 1 2 0 4
19 10 9 6 5 7 0 1 2 3 4
19 10 9 1 6 5 7 0 2 3 4
19 11 8 1 2 4 5 6 3 7 0
19 11 8 1 2 4 5 6 0 3 7
19 12 7 1 3 2 7 6 5 0 4
19 12 7 1 3 2 7 0 6 5 4
19 12 7 1 5 3 7 6 2 0 4
19 12 7 1 5 7 0 6 2 3 4
19 14 5 1 2 7 4 0 6 3 5
18 16 2 1 2 7 4 5 6 3 0
19 11 8 6 2 1 7 5 0 3 4
19 11 8 6 2 4 1 5 3 7 0
19 11 8 6 2 4 1 5 0 3 7
19 11 8 5 2 1 7 6 0 3 4
19 11 8 5 2 4 1 6 3 7 0
19 11 8 5 2 4 1 6 0 3 7
19 6 13 6 2 7 0 4 1 5 3
18 9 9 6 2 7 4 0 1 5 3
18 10 8 0 2 7 4 6 1 5 3
18 10 8 6 2 7 4 1 0 5 3
18 11 7 6 2 7 4 1 5 0 3
18 12 6 6 2 0 4 1 5 7 3
18 12 6 6 2 7 4 1 5 3 0
19 8 11 6 2 3 0 4 1 5 7
18 11 7 6 2 3 4 0 1 5 7
18 12 6 0 2 3 4 6 1 5 7
18 12 6 6 2 3 4 1 0 5 7
18 13 5 6 2 3 4 1 5 0 7
18 14 4 6 2 3 4 1 5 7 0
19 13 6 1 2 5 3 6 0 7 4
19 7 12 2 4 0 7 6 1 5 3
19 7 12 2 4 5 7 6 1 3 0
19 7 12 2 5 1 7 6 4 3 0
19 7 12 2 5 1 7 6 0 4 3
19 7 12 2 5 7 3 6 4 1 0
19 9 10 2 4 0 3 6 1 5 7
19 9 10 2 4 5 3 6 1 7 0
19 9 10 2 5 1 3 6 4 7 0
19 9 10 2 5 1 3 6 0 4 7
19 10 9 6 2 4 0 1 3 7 5
19 11 8 6 5 7 4 1 2 3 0
19 12 7 1 2 4 0 6 3 7 5
19 12 7 1 2 4 5 0 6 3 7
18 15 3 1 2 4 0 5 6 3 7
19 13 6 1 5 7 4 6 2 3 0
19 12 7 5 2 1 7 0 6 3 4
19 12 7 5 2 4 1 0 6 3 7
19 7 12 6 2 7 3 4 1 5 0
18 9 9 6 2 7 3 0 1 5 4
18 10 8 0 2 7 3 6 1 5 4
18 10 8 6 2 7 3 1 0 5 4
18 11 7 6 2 7 3 1 5 0 4
18 12 6 6 2 0 3 1 5 7 4
19 13 6 1 2 7 4 6 0 5 3
19 15 4 1 2 3 4 6 0 5 7
19 14 5 1 2 5 3 0 6 7 4
19 8 11 2 4 7 0 6 1 5 3
19 8 11 2 0 4 7 6 1 5 3
19 8 11 2 4 5 0 6 1 3 7
19 8 11 2 5 1 0 6 4 3 7
19 8 11 2 0 1 7 6 5 4 3
19 8 11 2 5 1 7 0 6 4 3
19 10 9 2 4 3 0 6 1 5 7
19 10 9 2 0 4 3 6 1 5 7
19 10 9 2 0 1 3 6 5 4 7
19 10 9 2 5 1 3 0 6 4 7
19 13 6 0 2 1 7 5 6 3 4
19 13 6 1 2 7 3 6 0 5 4
19 14 5 1 2 7 4 6 5 0 3
19 14 5 1 2 7 4 0 6 5 3
19 16 3 1 2 3 4 6 5 0 7
19 16 3 1 2 3 4 0 6 5 7
19 9 10 2 4 7 3 6 1 5 0
19 9 10 2 1 4 7 6 0 5 3
19 9 10 0 2 4 7 6 1 5 3
19 9 10 2 1 0 7 6 5 4 3
19 9 10 0 2 1 7 6 5 4 3
19 11 8 2 1 4 3 6 0 5 7
19 11 8 0 2 4 3 6 1 5 7
19 11 8 2 1 0 3 6 5 4 7
19 11 8 0 2 1 3 6 5 4 7
19 14 5 1 2 7 3 6 5 0 4
19 14 5 1 2 7 3 0 6 5 4
19 15 4 1 2 0 4 6 5 7 3
19 15 4 1 2 7 4 6 5 3 0
19 17 2 1 2 3 4 6 5 7 0
19 10 9 2 1 4 7 6 5 0 3
19 10 9 2 1 4 7 0 6 5 3
19 10 9 2 1 7 0 6 5 4 3
19 12 7 2 1 4 3 6 5 0 7
19 12 7 2 1 4 3 0 6 5 7
19 12 7 2 1 3 0 6 5 4 7
19 15 4 1 2 0 3 6 5 7 4
19 11 8 2 1 4 7 6 5 3 0
19 11 8 2 1 7 3 6 5 4 0
19 13 6 2 1 4 3 6 5 7 0
19 12 7 2 1 4 0 6 5 3 7
19 12 7 2 1 7 3 6 5 0 4
19 13 6 2 1 0 4 6 5 3 7
20 5 15 6 2 5 0 7 4 1 3
20 6 14 6 2 5 3 7 4 1 0
20 5 15 7 2 5 0 6 4 1 3
20 6 14 4 2 5 7 6 0 1 3
20 6 14 3 2 5 7 6 4 1 0
20 7 13 3 2 5 0 6 4 1 7
20 8 12 4 2 5 3 6 0 1 7
20 3 17 6 0 2 5 3 4 1 7
20 3 17 6 0 2 7 3 4 5 1
20 3 17 6 0 5 7 3 2 4 1
20 8 12 6 2 0 7 1 3 4 5
20 8 12 0 2 5 7 1 3 4 6
20 8 12 0 2 5 6 1 3 4 7
20 10 10 0 2 7 6 1 3 5 4
20 12 8 6 2 0 4 1 3 5 7
20 12 8 0 2 7 4 1 3 5 6
20 5 15 6 0 1 5 3 2 4 7
20 5 15 6 2 7 1 3 4 0 5
20 5 15 2 0 5 7 6 3 4 1
20 9 11 1 2 5 7 0 3 4 6
20 10 10 1 2 0 7 6 3 4 5
20 13 7 1 2 5 0 7 6 3 4
20 13 7 1 2 7 4 0 3 5 6
20 14 6 1 2 0 4 6 3 5 7
20 6 14 6 2 0 1 3 4 7 5
20 10 10 0 2 1 6 5 3 4 7
20 11 9 6 2 5 0 1 3 7 4
20 11 9 6 0 5 4 1 2 3 7
20 11 9 6 2 5 4 0 1 3 7
20 7 13 2 0 1 5 6 3 4 7
20 12 8 6 2 0 4 5 3 1 7
20 13 7 1 2 5 0 6 3 7 4
20 13 7 1 0 5 4 6 2 3 7
20 12 8 5 2 0 4 6 3 1 7
20 13 7 6 2 1 0 5 3 7 4
20 13 7 6 0 1 4 5 2 3 7
20 13 7 6 2 1 4 0 5 3 7
20 14 6 0 2 5 4 1 6 3 7
20 13 7 5 2 1 0 6 3 7 4
20 13 7 5 0 1 4 6 2 3 7
20 15 5 2 0 1 4 5 6 3 7
20 9 11 6 2 7 0 1 4 5 3
20 9 11 6 2 7 3 1 4 0 5
20 10 10 6 2 0 1 5 4 7 3
20 11 9 6 2 1 3 5 4 0 7
20 7 13 6 2 7 3 0 4 1 5
19 9 10 6 2 7 3 5 4 1 0
20 7 13 6 2 5 1 0 4 7 3
20 11 9 1 2 7 0 6 4 5 3
20 11 9 1 2 7 3 6 4 0 5
20 10 10 5 2 0 1 6 4 7 3
20 11 9 5 2 1 3 6 4 0 7
20 11 9 2 0 5 3 6 1 7 4
20 11 9 6 0 5 3 1 2 7 4
20 11 9 6 2 5 3 1 7 0 4
20 17 3 1 2 7 0 5 6 3 4
20 17 3 1 2 7 4 5 6 0 3
20 11 9 2 0 7 4 6 1 5 3
20 11 9 6 0 7 4 1 2 5 3
20 13 7 6 2 4 0 1 5 7 3
20 13 7 6 0 2 4 1 5 7 3
20 13 7 6 2 7 0 1 5 3 4
20 13 7 2 0 3 4 6 1 5 7
20 13 7 6 0 3 4 1 2 5 7
20 15 5 6 2 3 0 1 5 7 4
20 16 4 1 2 4 7 5 6 3 0
20 15 5 5 2 4 0 1 6 3 7
20 11 9 2 0 7 3 6 1 5 4
20 11 9 6 0 7 3 1 2 5 4
20 12 8 6 2 7 3 1 5 4 0
20 13 7 6 0 2 3 1 5 7 4
20 11 9 2 0 1 7 5 6 4 3
20 13 7 2 0 1 3 5 6 4 7
20 12 8 1 2 4 7 6 0 5 3
20 14 6 1 2 4 3 6 0 5 7
20 13 7 2 1 7 4 6 5 0 3
20 15 5 2 1 3 4 6 5 0 7
20 7 13 4 2 5 7 6 1 0 3
20 7 13 4 2 5 7 0 6 1 3
20 9 11 4 2 5 3 6 1 0 7
20 9 11 4 2 5 3 0 6 1 7
20 4 16 6 4 2 5 3 0 1 7
20 4 16 0 6 2 5 3 4 1 7
19 6 13 5 6 2 0 3 4 1 7
20 4 16 6 4 2 7 3 0 5 1
20 4 16 0 6 2 7 3 4 5 1
19 7 12 1 6 2 7 3 4 5 0
19 8 11 1 6 2 0 3 4 5 7
20 4 16 6 5 0 7 3 2 4 1
20 4 16 0 6 5 7 3 2 4 1
19 7 12 1 6 5 7 3 2 4 0
19 8 11 1 6 5 0 3 2 4 7
19 8 11 1 6 5 7 3 2 0 4
19 9 10 1 6 0 7 3 2 5 4
19 10 9 1 6 7 0 3 2 5 4
19 11 8 1 6 7 4 3 2 5 0
20 9 11 6 2 7 0 1 3 4 5
20 6 14 6 1 0 5 3 2 4 7
20 6 14 0 6 1 5 3 2 4 7
19 8 11 5 6 1 0 3 2 4 7
20 6 14 6 2 7 1 3 0 4 5
20 6 14 2 3 5 7 6 0 4 1
20 6 14 2 5 0 7 6 3 4 1
20 11 9 1 2 7 0 6 3 4 5
20 12 8 0 6 5 4 1 2 3 7
20 12 8 0 2 5 4 6 1 3 7
20 8 12 2 3 1 5 6 0 4 7
20 8 12 2 1 0 5 6 3 4 7
20 14 6 6 1 0 4 5 2 3 7
20 14 6 0 6 1 4 5 2 3 7
20 14 6 0 2 1 4 6 5 3 7
20 14 6 5 1 0 4 6 2 3 7
20 16 4 2 1 0 4 5 6 3 7
20 10 10 6 2 0 3 1 4 7 5
20 10 10 6 2 7 3 1 0 4 5
20 12 8 6 2 1 3 5 0 4 7
20 8 12 0 2 7 3 6 4 1 5
20 8 12 0 2 5 1 6 4 7 3
19 10 9 1 2 5 0 6 4 7 3
19 11 8 1 2 5 3 6 4 7 0
20 12 8 1 2 0 3 6 4 7 5
20 12 8 1 2 7 3 6 0 4 5
20 12 8 2 1 5 3 6 0 7 4
20 12 8 2 5 0 3 6 1 7 4
20 12 8 6 5 0 3 1 2 7 4
20 12 8 0 6 5 3 1 2 7 4
20 12 8 6 2 0 3 1 7 5 4
20 18 2 1 2 0 4 5 6 7 3
20 12 8 2 1 7 4 6 0 5 3
20 12 8 0 6 7 4 1 2 5 3
20 14 6 6 2 4 3 1 5 7 0
20 14 6 0 6 2 4 1 5 7 3
20 14 6 2 1 3 4 6 0 5 7
20 14 6 0 6 3 4 1 2 5 7
20 16 4 5 2 0 4 1 6 3 7
20 12 8 0 6 7 3 1 2 5 4
20 14 6 0 6 2 3 1 5 7 4
20 12 8 2 1 0 7 5 6 4 3
20 12 8 0 2 1 7 5 6 4 3
20 14 6 2 1 0 3 5 6 4 7
20 14 6 0 2 1 3 5 6 4 7
20 13 7 1 2 4 7 6 5 0 3
20 13 7 1 2 4 7 0 6 5 3
20 15 5 1 2 4 3 6 5 0 7
20 15 5 1 2 4 3 0 6 5 7
20 14 6 2 1 0 4 6 5 7 3
20 14 6 2 1 7 4 6 5 3 0
20 16 4 2 1 3 4 6 5 7 0
20 8 12 4 2 0 7 6 1 5 3
20 10 10 4 2 0 3 6 1 5 7
20 5 15 6 4 2 5 3 1 0 7
20 5 15 6 4 2 5 0 3 1 7
19 8 11 6 4 2 0 5 3 1 7
20 5 15 3 6 2 5 0 4 1 7
19 8 11 3 6 2 0 5 4 1 7
20 9 11 5 6 2 3 0 4 1 7
20 5 15 6 4 2 7 3 5 0 1
20 5 15 6 4 2 7 0 3 5 1
19 7 12 6 4 2 7 1 3 5 0
19 8 11 6 4 2 0 1 3 5 7
20 5 15 3 6 2 7 0 4 5 1
19 7 12 3 6 2 7 1 4 5 0
19 8 11 3 6 2 0 1 4 5 7
20 9 11 1 6 2 7 0 4 5 3
20 11 9 1 6 2 3 0 4 5 7
20 5 15 6 5 4 7 3 2 0 1
20 5 15 6 5 7 0 3 2 4 1
20 5 15 3 6 5 7 0 2 4 1
19 7 12 3 6 5 7 1 2 4 0
19 8 11 3 6 5 0 1 2 4 7
19 8 11 3 6 5 7 1 2 0 4
19 9 10 3 6 0 7 1 2 5 4
20 9 11 1 6 5 7 0 2 4 3
20 11 9 1 6 5 4 3 2 0 7
20 11 9 1 6 5 3 0 2 4 7
20 13 7 1 6 7 3 0 2 5 4
20 13 7 1 6 7 4 0 2 5 3
20 7 13 6 1 4 5 3 2 0 7
20 7 13 6 1 5 0 3 2 4 7
20 7 13 3 6 1 5 0 2 4 7
19 10 9 3 6 1 0 5 2 4 7
20 11 9 5 6 1 4 3 2 0 7
20 11 9 5 6 1 3 0 2 4 7
20 7 13 2 3 5 7 0 6 4 1
19 9 10 2 3 5 7 1 6 4 0
19 10 9 2 3 5 0 1 6 4 7
19 10 9 2 3 5 7 1 6 0 4
19 11 8 2 3 0 7 1 6 5 4
19 12 7 2 3 7 0 1 6 5 4
19 12 7 2 0 3 7 1 6 5 4
19 13 6 2 3 7 4 1 6 5 0
19 13 6 0 2 3 7 1 6 5 4
19 14 5 1 2 3 7 0 6 5 4
20 7 13 2 5 4 7 6 3 0 1
20 7 13 2 5 7 0 6 3 4 1
20 13 7 1 6 5 4 0 2 3 7
20 9 11 2 3 1 5 0 6 4 7
19 12 7 2 3 1 0 5 6 4 7
20 9 11 2 1 4 5 6 3 0 7
20 9 11 2 1 5 0 6 3 4 7
20 15 5 6 1 3 4 5 2 0 7
20 15 5 5 1 3 4 6 2 0 7
20 17 3 2 1 3 4 5 6 0 7
20 11 9 6 2 3 0 1 4 7 5
20 13 7 1 2 3 0 6 4 7 5
20 13 7 1 2 7 3 0 6 4 5
19 15 4 1 2 7 3 5 6 4 0
20 13 7 2 1 5 3 0 6 7 4
20 13 7 2 5 3 0 6 1 7 4
20 13 7 6 5 3 0 1 2 7 4
20 13 7 1 6 5 3 0 2 7 4
20 13 7 6 2 3 0 1 7 5 4
20 13 7 2 1 7 4 0 6 5 3
20 15 5 1 6 2 4 0 5 7 3
20 15 5 2 1 3 4 0 6 5 7
20 15 5 1 6 3 4 0 2 5 7
20 17 3 5 2 3 4 1 6 0 7
20 15 5 1 6 2 3 0 5 7 4
20 13 7 2 1 4 7 5 6 0 3
20 13 7 2 1 7 0 5 6 4 3
20 15 5 2 1 4 3 5 6 0 7
20 15 5 2 1 3 0 5 6 4 7
20 14 6 1 2 4 7 6 5 3 0
20 16 4 1 2 4 3 6 5 7 0
20 6 14 6 4 2 5 3 1 7 0
20 6 14 0 4 2 5 6 3 1 7
19 8 11 5 4 2 0 6 3 1 7
20 10 10 0 6 2 3 5 4 1 7
20 6 14 6 4 2 7 3 5 1 0
20 6 14 0 4 2 7 6 3 5 1
19 9 10 1 4 2 7 6 3 5 0
19 10 9 1 4 2 0 6 3 5 7
20 10 10 0 6 2 3 1 4 5 7
20 6 14 6 5 4 7 3 2 1 0
20 6 14 6 5 7 1 3 2 4 0
20 10 10 0 6 5 3 1 2 4 7
20 11 9 3 6 5 4 1 2 0 7
20 12 8 1 6 5 4 3 2 7 0
20 8 12 6 1 4 5 3 2 7 0
20 12 8 0 6 1 3 5 2 4 7
20 13 7 3 6 1 4 5 2 0 7
20 12 8 5 6 1 4 3 2 7 0
20 13 7 2 3 5 4 1 6 0 7
20 8 12 2 5 4 7 6 3 1 0
20 8 12 2 5 4 7 6 0 3 1
20 8 12 2 5 7 1 6 3 4 0
20 15 5 2 3 1 4 5 6 0 7
20 10 10 2 1 4 5 6 3 7 0
20 10 10 2 1 4 5 6 0 3 7
20 16 4 6 1 3 4 5 2 7 0
20 16 4 5 1 3 4 6 2 7 0
20 18 2 2 1 3 4 5 6 7 0
20 14 6 2 5 3 4 6 1 7 0
20 14 6 6 5 3 4 1 2 7 0
20 14 6 6 2 3 4 1 7 5 0
20 16 4 1 6 2 4 5 0 7 3
20 18 2 5 2 3 4 1 6 7 0
20 16 4 1 6 2 3 5 0 7 4
20 14 6 2 1 4 7 5 6 3 0
20 14 6 2 1 7 3 5 6 4 0
20 16 4 2 1 4 3 5 6 7 0
20 15 5 1 2 4 0 6 5 3 7
20 7 13 6 4 2 0 3 1 7 5
20 7 13 6 4 2 0 3 5 1 7
20 7 13 6 5 4 0 3 2 1 7
20 7 13 6 5 7 1 3 2 0 4
20 12 8 3 6 0 4 1 2 5 7
20 12 8 3 6 5 4 1 2 7 0
20 9 11 6 1 4 0 3 2 7 5
20 14 6 3 6 1 4 5 2 7 0
20 14 6 2 3 5 4 1 6 7 0
20 9 11 2 5 4 0 6 3 1 7
20 9 11 2 0 4 7 6 5 3 1
20 9 11 2 5 4 7 0 6 3 1
19 11 8 2 5 4 7 1 6 3 0
19 12 7 2 5 4 0 1 6 3 7
19 13 6 2 5 0 4 1 6 3 7
19 14 5 2 5 3 4 1 6 0 7
19 15 4 2 5 3 4 1 6 7 0
20 9 11 2 5 7 1 6 3 0 4
20 16 4 2 3 1 4 5 6 7 0
20 11 9 2 1 4 0 6 3 7 5
20 11 9 2 1 4 5 0 6 3 7
20 17 3 1 0 2 3 5 6 7 4
20 15 5 2 1 7 3 5 6 0 4
20 8 12 6 5 0 4 3 2 1 7
20 8 12 6 5 0 1 3 2 7 4
20 10 10 6 1 0 4 3 2 7 5
20 10 10 2 5 0 4 6 3 1 7
20 10 10 2 5 0 1 6 3 7 4
20 10 10 2 5 7 1 6 0 3 4
20 12 8 2 1 0 4 6 3 7 5
20 18 2 1 2 0 3 5 6 7 4
20 9 11 6 5 1 4 3 2 0 7
20 9 11 6 5 1 0 3 2 7 4
20 11 9 2 5 1 4 6 3 0 7
20 11 9 2 5 1 0 6 3 7 4
20 11 9 2 0 7 1 6 5 3 4
20 11 9 2 5 7 1 0 6 3 4
20 19 1 1 2 3 0 5 6 7 4
20 10 10 6 5 1 4 3 2 7 0
20 12 8 2 5 1 4 6 3 7 0
20 12 8 2 5 1 4 6 0 3 7
20 12 8 0 2 7 1 6 5 3 4
20 20 0 1 2 3 4 5 6 7 0
