6 0 6 2 3 7 1 4 6 5 0
7 1 6 2 3 7 0 4 6 5 1
7 1 6 2 3 7 1 4 6 0 5
7 2 5 2 3 0 1 4 6 7 5
7 3 4 2 0 3 1 4 6 7 5
7 4 3 0 2 3 1 4 6 7 5
8 2 6 2 3 7 1 0 6 5 4
8 2 6 2 3 0 7 4 6 5 1
8 3 5 2 3 1 0 4 6 7 5
8 5 3 4 2 3 1 0 6 7 5
8 6 2 1 2 3 0 4 6 7 5
8 3 5 2 0 3 7 4 6 5 1
8 4 4 0 2 3 7 4 6 5 1
9 3 6 2 3 0 1 4 6 5 7
9 3 6 0 3 7 1 4 6 5 2
9 3 6 0 3 7 2 4 6 5 1
9 4 5 2 3 7 4 0 6 5 1
9 2 7 2 3 7 1 4 0 6 5
9 4 5 2 6 3 1 4 0 7 5
9 3 6 0 3 7 1 2 6 5 4
9 3 6 2 3 5 7 4 6 0 1
9 4 5 2 3 1 5 4 6 7 0
9 7 2 4 2 3 1 5 6 7 0
9 7 2 1 2 3 5 4 6 7 0
9 5 4 4 2 3 7 0 6 5 1
9 4 5 2 0 3 1 4 6 5 7
9 5 4 0 2 3 1 4 6 5 7
10 4 6 2 3 7 5 4 6 0 1
10 7 3 5 2 3 1 4 6 7 0
10 3 7 2 3 7 1 6 0 5 4
10 5 5 0 3 1 2 4 6 7 5
10 6 4 2 3 1 4 0 6 7 5
10 6 4 4 2 3 1 6 0 7 5
10 7 3 1 2 0 3 4 6 7 5
10 9 1 1 2 3 4 0 6 7 5
10 4 6 2 6 3 7 4 0 5 1
10 6 4 7 2 3 0 4 6 5 1
10 7 3 1 2 3 7 4 6 5 0
10 4 6 2 3 5 1 4 6 0 7
10 4 6 2 3 1 0 4 6 5 7
10 4 6 4 3 7 1 0 6 5 2
10 4 6 3 0 7 1 4 6 5 2
10 5 5 1 3 7 0 4 6 5 2
10 4 6 4 3 7 2 0 6 5 1
10 4 6 3 0 7 2 4 6 5 1
10 5 5 0 3 7 4 2 6 5 1
10 3 7 2 0 7 1 4 3 6 5
10 3 7 2 3 7 1 0 4 6 5
10 5 5 2 6 3 1 0 4 7 5
10 4 6 3 0 7 1 2 6 5 4
10 5 5 1 3 7 0 2 6 5 4
10 4 6 2 3 5 7 4 6 1 0
10 8 2 4 2 3 0 5 6 7 1
10 6 4 4 2 3 1 0 6 5 7
10 7 3 1 2 3 0 4 6 5 7
10 5 5 2 3 5 1 4 6 7 0
10 4 6 0 2 7 1 4 3 6 5
11 7 4 6 2 3 1 4 0 7 5
11 5 6 2 0 7 1 3 6 5 4
11 5 6 2 3 7 0 1 6 5 4
11 8 3 4 2 3 0 1 6 7 5
11 6 5 1 3 7 2 4 6 5 0
11 5 6 2 3 7 4 6 0 5 1
11 6 5 2 3 7 4 1 6 5 0
11 5 6 2 6 3 1 4 7 0 5
11 4 7 2 3 5 7 4 0 6 1
11 5 6 2 3 1 5 4 6 0 7
11 6 5 2 3 1 5 0 6 7 4
11 8 3 4 2 3 1 5 6 0 7
11 8 3 1 2 3 5 4 6 0 7
11 9 2 1 2 3 5 0 6 7 4
11 6 5 4 2 3 7 6 0 5 1
11 7 4 4 2 3 7 1 6 5 0
11 5 6 2 6 3 1 4 0 5 7
11 5 6 2 3 7 5 4 6 1 0
11 8 3 5 2 3 0 4 6 7 1
11 4 7 2 0 7 1 6 3 5 4
11 4 7 2 3 7 1 6 5 0 4
11 6 5 4 3 1 2 0 6 7 5
11 6 5 3 0 1 2 4 6 7 5
11 7 4 0 3 1 4 2 6 7 5
11 8 3 2 3 1 4 5 6 7 0
11 11 0 1 2 3 4 5 6 7 0
