6 0 6 3 1 6 7 5 2 0 4
7 1 6 3 1 0 7 5 2 6 4
7 1 6 3 1 6 7 5 2 4 0
7 1 6 3 1 6 7 5 0 2 4
8 2 6 3 1 7 0 5 2 6 4
8 2 6 3 0 1 7 5 2 6 4
8 2 6 3 1 6 0 5 2 4 7
8 2 6 3 0 6 7 5 1 2 4
8 3 5 3 1 7 4 5 2 6 0
8 3 5 3 2 1 7 5 0 6 4
8 4 4 3 2 1 7 5 6 0 4
9 2 7 3 1 6 7 0 5 2 4
9 3 6 0 3 1 7 5 2 6 4
9 3 6 3 1 0 6 5 2 4 7
9 3 6 3 6 0 7 5 1 2 4
9 3 6 0 3 6 7 5 1 2 4
9 4 5 3 1 7 4 5 2 0 6
9 5 4 3 2 0 7 5 6 1 4
9 5 4 3 2 1 7 5 6 4 0
9 5 4 3 1 0 4 5 2 7 6
10 3 7 3 1 6 7 0 2 4 5
10 4 6 3 1 0 7 5 2 4 6
10 4 6 0 1 6 7 5 2 4 3
10 4 6 0 1 7 3 5 2 6 4
10 4 6 0 1 6 3 5 2 4 7
10 5 5 3 1 6 4 5 2 0 7
10 4 6 3 2 1 7 0 5 6 4
10 3 7 0 1 6 7 3 5 2 4
10 4 6 3 1 4 6 5 2 0 7
10 4 6 3 0 1 6 5 2 4 7
10 4 6 3 6 2 7 5 1 0 4
10 4 6 3 6 7 0 5 1 2 4
10 5 5 3 1 7 4 5 0 2 6
10 6 4 3 2 7 0 5 6 1 4
10 6 4 3 2 1 0 5 6 4 7
10 6 4 3 0 1 4 5 2 7 6
10 5 5 1 0 6 7 5 2 4 3
10 5 5 1 0 7 3 5 2 6 4
10 5 5 1 0 6 3 5 2 4 7
10 6 4 3 1 6 4 5 2 7 0
10 4 6 1 0 6 7 3 5 2 4
10 5 5 3 1 4 6 5 2 7 0
10 5 5 3 2 1 6 5 0 4 7
10 5 5 3 6 7 4 5 1 2 0
10 7 3 3 2 7 4 5 6 1 0
10 7 3 3 2 1 4 5 0 7 6
10 6 4 1 2 6 7 5 0 4 3
10 6 4 1 2 7 3 5 0 6 4
10 6 4 1 2 6 3 5 0 4 7
10 7 3 1 2 7 3 5 6 0 4
10 8 2 1 2 0 3 5 6 7 4
10 9 1 1 2 3 0 5 6 7 4
10 10 0 1 2 3 4 5 6 7 0
